set terminal postscript eps enhanced
set output 'combust-dofs-compare.eps'
set size 0.7, 0.7
set grid
set xlabel 'Time'
set ylabel 'DOFs'
plot '-' w l linetype 1 linewidth 3 title 'hp-FEM', '-' w l linetype 2 linewidth 3 title 'h-FEM, p = 2' 
0.025  8604
0.05  9152
0.075  6654
0.1  6654
0.125  6654
0.15  6654
0.175  6654
0.2  6654
0.225  6654
0.25  6654
0.275  6654
0.3  6654
0.325  6654
0.35  6654
0.375  6492
0.4  6266
0.425  6168
0.45  6168
0.475  7927
0.5  7856
0.525  7856
0.55  7856
0.575  7758
0.6  7758
0.625  7758
0.65  7758
0.675  7308
0.7  7268
0.725  6690
0.75  6690
0.775  5534
0.8  5534
0.825  5534
0.85  5534
0.875  5534
0.9  5534
0.925  5416
0.95  5190
0.975  4962
1  5549
1.025  5522
1.05  5522
1.075  5522
1.1  4494
1.125  4438
1.15  4438
1.175  4438
1.2  4438
1.225  7322
1.25  5600
1.275  5536
1.3  5536
1.325  5278
1.35  5278
1.375  5278
1.4  5278
1.425  4212
1.45  5276
1.475  5226
1.5  5226
1.525  4776
1.55  4776
1.575  4776
1.6  4776
1.625  4776
1.65  4776
1.675  4674
1.7  7614
1.725  6222
1.75  5644
1.775  5604
1.8  5444
1.825  5380
1.85  5380
1.875  5380
1.9  5380
1.925  5366
1.95  5172
1.975  5172
2  7044
2.025  6864
2.05  6864
2.075  8238
2.1  7994
2.125  7942
2.15  7208
2.175  6158
2.2  6028
2.225  5920
2.25  5812
2.275  8218
2.3  8080
2.325  7322
2.35  7322
2.375  7014
2.4  6336
2.425  5208
2.45  7178
2.475  7154
2.5  7100
2.525  6826
2.55  5974
2.575  5966
2.6  5966
2.625  5966
2.65  5966
2.675  5966
2.7  5966
2.725  7777
2.75  6838
2.775  9256
2.8  8342
2.825  8302
2.85  6804
2.875  6674
2.9  7302
2.925  7304
2.95  7304
2.975  7304
3  7186
3.025  6286
3.05  6620
3.075  6584
3.1  6584
3.125  6560
3.15  6098
3.175  6098
3.2  6006
3.225  5918
3.25  5826
3.275  5826
3.3  5276
3.325  5260
3.35  5084
3.375  5652
3.4  5638
3.425  5638
3.45  5566
3.475  5208
3.5  6432
3.525  6418
3.55  6418
3.575  6368
3.6  5882
3.625  5668
3.65  5026
3.675  4718
3.7  5380
3.725  5200
3.75  5132
3.775  4830
3.8  4756
3.825  4848
3.85  4828
3.875  4776
3.9  4642
3.925  4594
3.95  4506
3.975  5028
4  5018
4.025  5018
4.05  4760
4.075  4652
4.1  4338
4.125  4936
4.15  4936
4.175  4872
4.2  4824
4.225  4616
4.25  5502
4.275  5494
4.3  5494
4.325  5254
4.35  5114
4.375  5046
4.4  4956
4.425  5642
4.45  5592
4.475  5370
4.5  5026
4.525  4322
4.55  5348
4.575  5578
4.6  5552
4.625  5552
4.65  5292
4.675  4984
4.7  4762
4.725  5708
4.75  5394
4.775  5258
4.8  5110
4.825  5110
4.85  5098
4.875  4966
4.9  4678
4.925  4488
4.95  5114
4.975  5096
5  5096
5.025  5004
5.05  4772
5.075  4680
5.1  4568
5.125  5118
5.15  5128
5.175  5128
5.2  5128
5.225  5084
5.25  4842
5.275  5305
5.3  5376
5.325  5376
5.35  5320
5.375  5218
5.4  4918
5.425  4778
5.45  4676
5.475  4292
5.5  4012
5.525  3948
5.55  3826
5.575  3340
5.6  3794
5.625  3856
5.65  3856
5.675  3824
5.7  3700
5.725  3590
5.75  3522
5.775  3468
5.8  3396
5.825  3384
5.85  3316
5.875  3308
5.9  3308
5.925  3308
5.95  3264
5.975  3264
6  3264
6.025  3136
6.05  3289
6.075  3320
6.1  3182
6.125  2976
6.15  4471
6.175  4170
6.2  3858
6.225  3764
6.25  3764
6.275  3764
6.3  3692
6.325  3604
6.35  3576
6.375  3546
6.4  3546
6.425  3496
6.45  3464
6.475  3416
6.5  3314
6.525  4145
6.55  4192
6.575  4192
6.6  4026
6.625  3742
6.65  3282
6.675  3146
6.7  3462
6.725  3458
6.75  3458
6.775  3434
6.8  3398
6.825  3572
6.85  3566
6.875  3428
6.9  3428
6.925  3428
6.95  3428
6.975  3400
7  3334
7.025  3302
7.05  3635
7.075  3638
7.1  3638
7.125  3618
7.15  3606
7.175  3372
7.2  3487
7.225  3470
7.25  3438
7.275  3400
7.3  3290
7.325  3246
7.35  3416
7.375  3402
7.4  3374
7.425  3374
7.45  3342
7.475  3288
7.5  3280
7.525  3252
7.55  3274
7.575  3228
7.6  3188
7.625  3250
7.65  3236
7.675  3054
7.7  3598
7.725  3400
7.75  3400
7.775  3400
7.8  3400
7.825  3128
7.85  2980
7.875  2862
7.9  3050
7.925  2898
7.95  2836
7.975  2836
8  2836
8.025  2836
8.05  2836
8.075  2816
8.1  3596
8.125  3476
8.15  3392
8.175  3352
8.2  3304
8.225  3130
8.25  3060
8.2750000000001  3002
8.3000000000001  3002
8.3250000000001  2994
8.3500000000001  2962
8.3750000000001  3294
8.4000000000001  3096
8.4250000000001  3096
8.4500000000001  3096
8.4750000000001  3096
8.5000000000001  3044
8.5250000000001  3044
8.5500000000001  2932
8.5750000000001  2756
8.6000000000001  3390
8.6250000000001  3466
8.6500000000001  3466
8.6750000000001  3466
8.7000000000001  3428
8.7250000000001  3360
8.7500000000001  3296
8.7750000000001  3136
8.8000000000001  3036
8.8250000000001  3152
8.8500000000001  3194
8.8750000000001  3158
8.9000000000001  3110
8.9250000000001  3086
8.9500000000001  3086
8.9750000000001  3074
9.0000000000001  3044
9.0250000000001  3428
9.0500000000001  3420
9.0750000000001  3420
9.1000000000001  3420
9.1250000000001  3420
9.1500000000001  3420
9.1750000000001  3396
9.2000000000001  3378
9.2250000000001  3378
9.2500000000001  3378
9.2750000000001  3378
9.3000000000001  3378
9.3250000000001  3378
9.3500000000001  3344
9.3750000000001  3344
9.4000000000001  3344
9.4250000000001  3304
9.4500000000001  3012
9.4750000000001  2874
9.5000000000001  2798
9.5250000000001  2953
9.5500000000001  3056
9.5750000000001  2982
9.6000000000001  2982
9.6250000000001  2982
9.6500000000001  2958
9.6750000000001  2842
9.7000000000001  2764
9.7250000000001  3318
9.7500000000001  3194
9.7750000000001  3194
9.8000000000001  3194
9.8250000000001  3194
9.8500000000001  3194
9.8750000000001  3180
9.9000000000001  3118
9.9250000000001  3060
9.9500000000001  2998
9.9750000000001  2830
10  2732
10.025  2418
10.05  2216
10.075  2110
10.1  1856
10.125  2068
10.15  2122
10.175  2122
10.2  2052
10.225  2052
10.25  2052
10.275  2052
10.3  2052
10.325  2052
10.35  2052
10.375  2008
10.4  2008
10.425  2008
10.45  1988
10.475  1988
10.5  2064
10.525  2064
10.55  2064
10.575  2064
10.6  2064
10.625  2026
10.65  2026
10.675  2026
10.7  2026
10.725  2026
10.75  1950
10.775  1890
10.8  2264
10.825  2308
10.85  2308
10.875  2308
10.9  2156
10.925  2665
10.95  2730
10.975  2730
11  2730
11.025  2730
11.05  2730
11.075  2602
11.1  2572
11.125  2482
11.15  2482
11.175  2374
11.2  2268
11.225  2048
11.25  2760
11.275  2666
11.3  2666
11.325  2666
11.35  2666
11.375  2666
11.4  2666
11.425  2614
11.45  2542
11.475  2542
11.5  2542
11.525  2542
11.55  2542
11.575  2542
11.6  2542
11.625  2542
11.65  2542
11.675  2542
11.7  2494
11.725  2494
11.75  2494
11.775  2494
11.8  2446
11.825  2406
11.85  2406
11.875  2262
11.9  2210
11.925  1972
11.95  1900
11.975  1852
12  1710
12.025  1696
12.05  1884
12.075  1848
12.1  2127
12.125  2198
12.15  2198
12.175  2198
12.2  2174
12.225  2126
12.25  2126
12.275  2090
12.3  2062
12.325  1984
12.35  1868
12.375  1974
12.4  1940
12.425  1940
12.45  1940
12.475  1940
12.5  1940
12.525  1940
12.55  1940
12.575  1940
12.6  1940
12.625  1940
12.65  1940
12.675  1914
12.7  1914
12.725  1914
12.75  2485
12.775  2588
12.8  2588
12.825  2588
12.85  2564
12.875  2498
12.9  2498
12.925  2478
12.95  2478
12.975  2478
13  2458
13.025  2458
13.05  2458
13.075  2458
13.1  2458
13.125  2458
13.15  2458
13.175  2440
13.2  2366
13.225  2198
13.25  3218
13.275  3238
13.3  3152
13.325  3034
13.35  2960
13.375  2604
13.4  2486
13.425  2340
13.45  2136
13.475  1972
13.5  2579
13.525  2748
13.55  2748
13.575  2748
13.6  2748
13.625  2748
13.65  2748
13.675  2748
13.7  2634
13.725  2634
13.75  2588
13.775  2558
13.8  2558
13.825  2558
13.85  2558
13.875  2522
13.9  2514
13.925  2458
13.95  2374
13.975  2284
14  2190
14.025  2190
14.05  2417
14.075  2342
14.1  2342
14.125  2316
14.15  2316
14.175  2316
14.2  2306
14.225  2306
14.25  2306
14.275  2306
14.3  2246
14.325  2166
14.35  2650
14.375  2788
14.4  2788
14.425  2760
14.45  2724
14.475  2634
14.5  2522
14.525  2362
14.55  2272
14.575  2222
14.6  2844
14.625  3006
14.65  2964
14.675  2964
14.7  2964
14.725  2942
14.75  2942
14.775  2942
14.8  2896
14.825  2832
14.85  2806
14.875  2736
14.9  2546
14.925  2270
14.95  2242
14.975  2086
15  1972
15.025  2017
15.05  2002
15.075  2002
15.1  2002
15.125  2002
15.15  2002
15.175  1916
15.2  1916
15.225  2122
15.25  2068
15.275  2068
15.3  2068
15.325  2068
15.35  2068
15.375  2068
15.4  2010
15.425  2010
15.45  2010
15.475  1970
15.5  1938
15.525  1892
15.55  1892
15.575  2352
15.6  2420
15.625  2420
15.65  2420
15.675  2420
15.7  2420
15.725  2420
15.75  2420
15.775  2420
15.8  2420
15.825  2420
15.85  2220
15.875  2220
15.9  2220
15.925  2188
15.95  2168
15.975  2072
16  2042
16.025  2014
16.05  2014
16.075  2304
16.1  2404
16.125  2404
16.15  2404
16.175  2404
16.2  2404
16.225  2404
16.25  2360
16.275  2324
16.3  2324
16.325  2288
16.35  2116
16.375  2020
16.4  1990
16.425  1900
16.45  1864
16.475  1706
16.5  2061
16.525  2048
16.55  2048
16.575  2048
16.6  2048
16.625  2048
16.65  2048
16.675  2048
16.7  2048
16.725  2048
16.75  2048
16.775  2048
16.8  2048
16.825  2018
16.85  2018
16.875  2018
16.9  2018
16.925  2018
16.95  2018
16.975  2018
17  2018
17.025  1986
17.05  1986
17.075  1964
17.1  1840
17.125  1818
17.15  1818
17.175  1818
17.2  1806
17.225  1774
17.25  1662
17.275  1630
17.3  1650
17.325  1650
17.35  1650
17.375  1960
17.4  2748
17.425  2668
17.45  2588
17.475  2588
17.5  2588
17.525  2588
17.55  2552
17.575  2552
17.6  2512
17.625  2470
17.65  2426
17.675  2426
17.7  2426
17.725  2390
17.75  2390
17.775  2390
17.8  2390
17.825  2390
17.85  2390
17.875  2390
17.9  2390
17.925  2390
17.95  2212
17.975  2114
18  2114
18.025  2046
18.05  2010
18.075  1978
18.1  1978
18.125  1822
18.15  1776
18.175  1748
18.2  1702
18.225  1728
18.25  2101
18.275  1896
18.3  1896
18.325  1896
18.35  1896
18.375  1896
18.4  1896
18.425  1896
18.45  2520
18.475  2548
18.5  2512
18.525  2512
18.55  2512
18.575  2512
18.6  2512
18.625  2512
18.65  2512
18.675  2464
18.7  2464
18.725  2464
18.75  2420
18.775  2212
18.8  2154
18.825  2154
18.85  2012
18.875  1930
18.9  1944
18.925  1964
18.95  1964
18.975  1964
19  1964
19.025  2304
19.05  2314
19.075  2314
19.1  2314
19.125  2314
19.15  3013
19.175  2864
19.2  2760
19.225  2760
19.25  2760
19.275  2760
19.3  2760
19.325  2760
19.35  2760
19.375  2760
19.4  2760
19.425  2732
19.45  2732
19.475  2604
19.5  2572
19.525  2422
19.55  2260
19.575  2178
19.6  2016
19.625  1986
19.65  1986
19.675  1874
19.7  2084
19.725  2036
19.75  2036
19.775  2036
19.8  2036
19.825  2036
19.85  2036
19.875  2036
19.9  2036
19.925  2036
19.95  2036
19.975  2036
20  2006
20.025  1976
20.05  1890
20.075  1840
20.1  1840
20.125  1840
20.15  1991
20.175  1964
20.2  1964
20.225  1964
20.25  1964
20.275  1964
20.3  1964
20.325  1964
20.35  1912
20.375  1882
20.4  2677
20.425  2656
20.45  2656
20.475  2628
20.5  2628
20.525  2628
20.55  2628
20.575  2628
20.6  2628
20.625  2628
20.65  2628
20.675  2628
20.7  2628
20.725  2628
20.75  2628
20.775  2628
20.8  2628
20.825  2628
20.85  2628
20.875  2600
20.9  2600
20.925  2600
20.95  2600
20.975  2578
21  2578
21.025  2578
21.05  2578
21.075  2578
21.1  2578
21.125  2578
21.15  2512
21.175  2512
21.2  2512
21.225  2464
21.25  2334
21.275  3240
21.3  3364
21.325  3364
21.35  3364
21.375  3364
21.4  3364
21.425  3364
21.45  3364
21.475  3364
21.5  3364
21.525  3364
21.55  3364
21.575  3364
21.6  3364
21.625  3364
21.65  3284
21.675  3248
21.7  3248
21.725  3220
21.75  3220
21.775  3170
21.8  3162
21.825  3134
21.85  3116
21.875  3116
21.9  3008
21.925  3008
21.95  3008
21.975  2976
22  2976
22.025  2976
22.05  2976
22.075  2976
22.1  2820
22.125  2702
22.15  2512
22.175  2420
22.2  2332
22.225  2332
22.25  2278
22.275  2266
22.3  2250
22.325  2250
22.35  2220
22.375  2172
22.4  2172
22.425  2172
22.45  2172
22.475  2172
22.5  2144
22.525  2144
22.55  2124
22.575  2100
22.6  2056
22.625  2056
22.65  1974
22.675  2240
22.7  2134
22.725  2134
22.75  2134
22.775  2134
22.8  2104
22.825  2104
22.85  2104
22.875  2104
22.9  2104
22.925  2078
22.95  2078
22.975  2078
23  2042
23.025  2010
23.05  1890
23.075  1890
23.1  1878
23.125  2202
23.15  2202
23.175  2202
23.2  2202
23.225  2202
23.25  2202
23.275  2202
23.3  2190
23.325  2150
23.35  2150
23.375  2278
23.4  2274
23.425  2274
23.45  2274
23.475  2274
23.5  2274
23.525  2274
23.55  2274
23.575  2274
23.6  2274
23.625  2274
23.65  2274
23.675  2274
23.7  2274
23.725  2274
23.75  2274
23.775  2274
23.8  2250
23.825  2250
23.85  2224
23.875  2224
23.9  2663
23.925  2708
23.95  2708
23.975  2708
24  2708
24.025  2708
24.05  2708
24.075  2708
24.1  2708
24.125  2708
24.15  2708
24.175  2708
24.2  2708
24.225  2708
24.25  2708
24.275  2688
24.3  2688
24.325  2688
24.35  2688
24.375  2688
24.4  2688
24.425  2688
24.45  2688
24.475  2666
24.5  2666
24.525  2666
24.55  2666
24.575  2666
24.6  2666
24.625  2666
24.65  2666
24.675  2588
24.7  2588
24.725  2588
24.75  2588
24.775  2528
24.8  2492
24.825  2492
24.85  2388
24.875  2290
24.9  2290
24.925  2268
24.95  2268
24.975  2260
25  2260
25.025  2248
25.05  2210
25.075  2210
25.1  2210
25.125  2190
25.15  2170
25.175  2170
25.2  2154
25.225  2142
25.25  2056
25.275  2000
25.3  1962
25.325  1954
25.35  1942
25.375  1906
25.4  1906
25.425  1906
25.45  1906
25.475  1906
25.5  2156
25.525  2104
25.55  2104
25.575  2104
25.6  2104
25.625  2066
25.65  2066
25.675  2066
25.7  2066
25.725  2066
25.75  2066
25.775  2066
25.8  2066
25.825  2066
25.85  2032
25.875  1996
25.9  1996
25.925  1996
25.95  1996
25.975  1996
26  1996
26.025  1996
26.05  1976
26.075  1976
26.1  2157
26.125  2152
26.15  2152
26.175  2152
26.2  2152
26.225  2152
26.25  2152
26.275  2152
26.3  2152
26.325  2152
26.35  2152
26.375  2152
26.4  2152
26.425  2152
26.45  2152
26.475  2152
26.5  2152
26.525  2152
26.55  2152
26.575  2152
26.6  2152
26.625  2152
26.65  2269
26.675  2238
26.7  2238
26.725  2238
26.75  2238
26.775  2238
26.8  2238
26.825  2238
26.85  2238
26.875  2238
26.9  2238
26.925  2238
26.95  2198
26.975  2198
27  2144
27.025  2106
27.05  2106
27.075  2098
27.1  2579
27.125  2418
27.15  2418
27.175  2418
27.2  2418
27.225  2418
27.25  2418
27.275  2418
27.3  2418
27.325  2619
27.35  2602
27.375  2602
27.4  2602
27.425  2602
27.45  2602
27.475  2602
27.5  2602
27.525  2602
27.55  2602
27.575  2574
27.6  2574
27.624999999999  2574
27.649999999999  2574
27.674999999999  2574
27.699999999999  2574
27.724999999999  2574
27.749999999999  2574
27.774999999999  2574
27.799999999999  2548
27.824999999999  2548
27.849999999999  2540
27.874999999999  2540
27.899999999999  2690
27.924999999999  2640
27.949999999999  2640
27.974999999999  2640
27.999999999999  2640
28.024999999999  2640
28.049999999999  2640
28.074999999999  2640
28.099999999999  2640
28.124999999999  2640
28.149999999999  2640
28.174999999999  2640
28.199999999999  2640
28.224999999999  2640
28.249999999999  2640
28.274999999999  2640
28.299999999999  2640
28.324999999999  2600
28.349999999999  2600
28.374999999999  2600
28.399999999999  2600
28.424999999999  2600
28.449999999999  2592
28.474999999999  2592
28.499999999999  2592
28.524999999999  2568
28.549999999999  2568
28.574999999999  2568
28.599999999999  2568
28.624999999999  2568
28.649999999999  2568
28.674999999999  2568
28.699999999999  2568
28.724999999999  2568
28.749999999999  2568
28.774999999999  2568
28.799999999999  2568
28.824999999999  2568
28.849999999999  2568
28.874999999999  2568
28.899999999999  2568
28.924999999999  2568
28.949999999999  2568
28.974999999999  2568
28.999999999999  2568
29.024999999999  2568
29.049999999999  2568
29.074999999999  2568
29.099999999999  2568
29.124999999999  2568
29.149999999999  2568
29.174999999999  2568
29.199999999999  2568
29.224999999999  2568
29.249999999999  2568
29.274999999999  2568
29.299999999999  2568
29.324999999999  2568
29.349999999999  2568
29.374999999999  2464
29.399999999999  2464
29.424999999999  2464
29.449999999999  2464
29.474999999999  2464
29.499999999999  2464
29.524999999999  2464
29.549999999999  2464
29.574999999999  2464
29.599999999999  2464
29.624999999999  2464
29.649999999999  2464
29.674999999999  2464
29.699999999999  2464
29.724999999999  2464
29.749999999999  2464
29.774999999999  2464
29.799999999999  2464
29.824999999999  2464
29.849999999999  2464
29.874999999999  2464
29.899999999999  2464
29.924999999999  2464
29.949999999999  2464
29.974999999999  2464
29.999999999999  2464
30.024999999999  2464
30.049999999999  2464
30.074999999999  2464
30.099999999999  2464
30.124999999999  2464
30.149999999999  2464
30.174999999999  2464
30.199999999999  2464
30.224999999999  2464
30.249999999999  2426
30.274999999999  2426
30.299999999999  2426
30.324999999999  2426
30.349999999999  2426
30.374999999999  2426
30.399999999999  2426
30.424999999999  2426
30.449999999999  2426
30.474999999999  2396
30.499999999999  2396
30.524999999999  2396
30.549999999999  2396
30.574999999999  2396
30.599999999999  2396
30.624999999999  2396
30.649999999999  2396
30.674999999999  2396
30.699999999999  2396
30.724999999999  2356
30.749999999999  2356
30.774999999999  2356
30.799999999999  2356
30.824999999999  2356
30.849999999999  2316
30.874999999999  2316
30.899999999999  2316
30.924999999999  2316
30.949999999999  2316
30.974999999999  2316
30.999999999999  2270
31.024999999999  2206
31.049999999999  2268
31.074999999999  2190
31.099999999999  2178
31.124999999999  2178
31.149999999999  2178
31.174999999999  2160
31.199999999999  2148
31.224999999999  3094
31.249999999999  3040
31.274999999999  3040
31.299999999999  3040
31.324999999999  3040
31.349999999999  3040
31.374999999999  3040
31.399999999999  3040
31.424999999999  3040
31.449999999999  3040
31.474999999999  3040
31.499999999999  3040
31.524999999999  3040
31.549999999999  3040
31.574999999999  3040
31.599999999999  3040
31.624999999999  3040
31.649999999999  3040
31.674999999999  3040
31.699999999999  3040
31.724999999999  3040
31.749999999999  3040
31.774999999999  3040
31.799999999999  3040
31.824999999999  3040
31.849999999999  3040
31.874999999999  3040
31.899999999999  3040
31.924999999999  3040
31.949999999999  3040
31.974999999999  3040
31.999999999999  3040
32.024999999999  2946
32.049999999999  2896
32.074999999999  2818
32.099999999999  2818
32.124999999999  2746
32.149999999999  2636
32.174999999999  2572
32.199999999999  2468
32.224999999999  2408
32.249999999999  2392
32.274999999999  2316
32.299999999999  2278
32.324999999999  2250
32.349999999999  2214
32.374999999999  2214
32.399999999999  2206
32.424999999999  2206
32.449999999999  2104
32.474999999999  2054
32.499999999999  2028
32.524999999999  2028
32.549999999999  2016
32.574999999999  2000
32.599999999999  2000
32.624999999999  2000
32.649999999999  2000
32.674999999999  2000
32.699999999999  2000
32.724999999999  1992
32.749999999999  1992
32.774999999999  1992
32.799999999999  1992
32.824999999999  1992
32.849999999999  1992
32.874999999999  1992
32.899999999999  1992
32.924999999999  1992
32.949999999999  1992
32.974999999999  1992
32.999999999999  1992
33.024999999999  1992
33.049999999999  1992
33.074999999999  1992
33.099999999999  1992
33.124999999999  2274
33.149999999999  2222
33.174999999999  2222
33.199999999999  2222
33.224999999999  2222
33.249999999999  2222
33.274999999999  2222
33.299999999999  2188
33.324999999999  2188
33.349999999999  2188
33.374999999999  2188
33.399999999999  2188
33.424999999999  2188
33.449999999999  3019
33.474999999999  3010
33.499999999999  3010
33.524999999999  3010
33.549999999999  3010
33.574999999999  3010
33.599999999999  3010
33.624999999999  3010
33.649999999999  3010
33.674999999999  3010
33.699999999999  3010
33.724999999999  3010
33.749999999999  3010
33.774999999999  3010
33.799999999999  3010
33.824999999999  3010
33.849999999999  2998
33.874999999999  2990
33.899999999999  2918
33.924999999999  2822
33.949999999999  2782
33.974999999999  2774
33.999999999999  2734
34.024999999999  2726
34.049999999999  2642
34.074999999999  2630
34.099999999999  2622
34.124999999999  2568
34.149999999999  2514
34.174999999999  2514
34.199999999999  2498
34.224999999999  2474
34.249999999999  2446
34.274999999999  2446
34.299999999999  2564
34.324999999999  2520
34.349999999999  2520
34.374999999999  2887
34.399999999999  2830
34.424999999999  2830
34.449999999999  2810
34.474999999999  2810
34.499999999999  2810
34.524999999999  2810
34.549999999999  2810
34.574999999999  2790
34.599999999999  2790
34.624999999999  2790
34.649999999999  2790
34.674999999999  2790
34.699999999999  2790
34.724999999999  2668
34.749999999999  2668
34.774999999999  2668
34.799999999999  2660
34.824999999999  2620
34.849999999999  2590
34.874999999999  2558
34.899999999999  2532
34.924999999999  2504
34.949999999999  2504
34.974999999999  2504
34.999999999999  2466
35.024999999999  2458
35.049999999999  2430
35.074999999999  2430
35.099999999999  2386
35.124999999999  2350
35.149999999999  2326
35.174999999999  2272
35.199999999999  2256
35.224999999999  2198
35.249999999999  2122
35.274999999999  2106
35.299999999999  2270
35.324999999999  2186
35.349999999999  2154
35.374999999999  2154
35.399999999999  2154
35.424999999999  2154
35.449999999999  2154
35.474999999999  2154
35.499999999999  2154
35.524999999999  2154
35.549999999999  2154
35.574999999999  2154
35.599999999999  2154
35.624999999999  2154
35.649999999999  2541
35.674999999999  2460
35.699999999999  2460
35.724999999999  2460
35.749999999999  2460
35.774999999999  2460
35.799999999999  2460
35.824999999999  2460
35.849999999999  2460
35.874999999999  2460
35.899999999999  2444
35.924999999999  3438
35.949999999999  3570
35.974999999999  3570
35.999999999999  3570
36.024999999999  3570
36.049999999999  3570
36.074999999999  3570
36.099999999999  3570
36.124999999999  3570
36.149999999999  3570
36.174999999999  3570
36.199999999999  3570
36.224999999999  3570
36.249999999999  3570
36.274999999999  3570
36.299999999999  3570
36.324999999999  3570
36.349999999999  3570
36.374999999999  3570
36.399999999999  3524
36.424999999999  3524
36.449999999999  3524
36.474999999999  3524
36.499999999999  3524
36.524999999999  3494
36.549999999999  3402
36.574999999999  3390
36.599999999999  3352
36.624999999999  3250
36.649999999999  3206
36.674999999999  3178
36.699999999999  3144
36.724999999999  3062
36.749999999999  3034
36.774999999999  3006
36.799999999999  3006
36.824999999999  2972
36.849999999999  2972
36.874999999999  2972
36.899999999999  2972
36.924999999999  2934
36.949999999999  2922
36.974999999999  2910
36.999999999999  2910
37.024999999999  2910
37.049999999999  2910
37.074999999999  2910
37.099999999999  2910
37.124999999999  2910
37.149999999999  2910
37.174999999999  2910
37.199999999999  2910
37.224999999999  2910
37.249999999999  2910
37.274999999999  2842
37.299999999999  2822
37.324999999999  2814
37.349999999999  2786
37.374999999999  2774
37.399999999999  3076
37.424999999999  2940
37.449999999999  2910
37.474999999999  2910
37.499999999999  2910
37.524999999999  2910
37.549999999999  2910
37.574999999999  2910
37.599999999999  2910
37.624999999999  2910
37.649999999999  2910
37.674999999999  2910
37.699999999999  2910
37.724999999999  2910
37.749999999999  2910
37.774999999999  2910
37.799999999999  2882
37.824999999999  2846
37.849999999999  2824
37.874999999999  2682
37.899999999999  2778
37.924999999999  2720
37.949999999999  2720
37.974999999999  2720
37.999999999999  2720
38.024999999999  2720
38.049999999999  2720
38.074999999999  2682
38.099999999999  2682
38.124999999999  2682
38.149999999999  2682
38.174999999999  2682
38.199999999999  2682
38.224999999999  2682
38.249999999999  2682
38.274999999999  2682
38.299999999999  2682
38.324999999999  2682
38.349999999999  2682
38.374999999999  2682
38.399999999999  2682
38.424999999999  2682
38.449999999999  2682
38.474999999999  2674
38.499999999999  2674
38.524999999999  2666
38.549999999999  2666
38.574999999999  2646
38.599999999999  2600
38.624999999999  2600
38.649999999999  2544
38.674999999999  2532
38.699999999999  2532
38.724999999999  2726
38.749999999999  2710
38.774999999999  2710
38.799999999999  2710
38.824999999999  2710
38.849999999999  2666
38.874999999999  2666
38.899999999999  2614
38.924999999999  2546
38.949999999999  2510
38.974999999999  3088
38.999999999999  3186
39.024999999999  3186
39.049999999999  3186
39.074999999999  3186
39.099999999999  3186
39.124999999999  3186
39.149999999999  3186
39.174999999999  3186
39.199999999999  3186
39.224999999999  3186
39.249999999999  3166
39.274999999999  3002
39.299999999999  2970
39.324999999999  2932
39.349999999999  2924
39.374999999999  2908
39.399999999999  3611
39.424999999999  3614
39.449999999999  3614
39.474999999999  3614
39.499999999999  3614
39.524999999999  3614
39.549999999999  3614
39.574999999999  3614
39.599999999999  3614
39.624999999999  3538
39.649999999999  3506
39.674999999999  3454
39.699999999999  3394
39.724999999999  3374
39.749999999999  3204
39.774999999999  3126
39.799999999999  3082
39.824999999999  3066
39.849999999999  3026
39.874999999999  3545
39.899999999999  3634
39.924999999999  3634
39.949999999999  3634
39.974999999999  3634
39.999999999999  3634
40.024999999999  3634
40.049999999999  3634
40.074999999999  3634
40.099999999999  3634
40.124999999999  3634
40.149999999999  3634
40.174999999999  3634
40.199999999999  3634
40.224999999999  3634
40.249999999999  3634
40.274999999999  3604
40.299999999999  3604
40.324999999999  3604
40.349999999999  3604
40.374999999999  3592
40.399999999999  3556
40.424999999999  3528
40.449999999999  3528
40.474999999999  3500
40.499999999999  3628
40.524999999999  3596
40.549999999999  3596
40.574999999999  3596
40.599999999999  3596
40.624999999999  3596
40.649999999999  3596
40.674999999999  3596
40.699999999999  3596
40.724999999999  3596
40.749999999999  3596
40.774999999999  3580
40.799999999999  3534
40.824999999999  3474
40.849999999999  3424
40.874999999999  3322
40.899999999999  3222
40.924999999999  3214
40.949999999999  3493
40.974999999999  3848
40.999999999999  3856
41.024999999999  3856
41.049999999999  3856
41.074999999999  3856
41.099999999999  3856
41.124999999999  3856
41.149999999999  3856
41.174999999999  3856
41.199999999999  3856
41.224999999999  3856
41.249999999999  3856
41.274999999999  3828
41.299999999999  3828
41.324999999999  3828
41.349999999999  3804
41.374999999999  3650
41.399999999999  3638
41.424999999999  3426
41.449999999999  3270
41.474999999999  3206
41.499999999999  3138
41.524999999999  3533
41.549999999999  3452
41.574999999999  3360
41.599999999999  3320
41.624999999999  3320
41.649999999999  3320
41.674999999999  3320
41.699999999999  3244
41.724999999999  3228
41.749999999999  3198
41.774999999999  3162
41.799999999999  3130
41.824999999999  3098
41.849999999999  3196
41.874999999999  3142
41.899999999999  3142
41.924999999999  3142
41.949999999999  3142
41.974999999999  3142
41.999999999999  3924
42.024999999999  3786
42.049999999999  3746
42.074999999999  3746
42.099999999999  3746
42.124999999999  3724
42.149999999999  3724
42.174999999999  3724
42.199999999999  3724
42.224999999999  3724
42.249999999999  3724
42.274999999999  3724
42.299999999999  3616
42.324999999999  3488
42.349999999999  3418
42.374999999999  3717
42.399999999999  3744
42.424999999999  3744
42.449999999999  3744
42.474999999999  3744
42.499999999999  3744
42.524999999999  3744
42.549999999999  3744
42.574999999999  3744
42.599999999999  3744
42.624999999999  3736
42.649999999999  3736
42.674999999999  3736
42.699999999999  3736
42.724999999999  3736
42.749999999999  3736
42.774999999999  3736
42.799999999999  3736
42.824999999999  3736
42.849999999999  3728
42.874999999999  3630
42.899999999999  3560
42.924999999999  3460
42.949999999999  3272
42.974999999999  3228
42.999999999999  3138
43.024999999999  3666
43.049999999999  3696
43.074999999999  3696
43.099999999999  3696
43.124999999999  3676
43.149999999999  3676
43.174999999999  3676
43.199999999999  3676
43.224999999999  3584
43.249999999999  3544
43.274999999999  3494
43.299999999999  3474
43.324999999999  3474
43.349999999999  3426
43.374999999999  3696
43.399999999999  3636
43.424999999999  3926
43.449999999999  3932
43.474999999999  3932
43.499999999999  3932
43.524999999999  3932
43.549999999999  3904
43.574999999999  3866
43.599999999999  3846
43.624999999999  3672
43.649999999999  3556
43.674999999999  4979
43.699999999999  4958
43.724999999999  4958
43.749999999999  4958
43.774999999999  4958
43.799999999999  4958
43.824999999999  4958
43.849999999999  4958
43.874999999999  4958
43.899999999999  4958
43.924999999999  4958
43.949999999999  4958
43.974999999999  4958
43.999999999999  4958
44.024999999999  4866
44.049999999999  4814
44.074999999999  4756
44.099999999999  4694
44.124999999999  4546
44.149999999999  4466
44.174999999999  4424
44.199999999999  4364
44.224999999999  4352
44.249999999999  4726
44.274999999999  4718
44.299999999999  4718
44.324999999999  4718
44.349999999999  4702
44.374999999999  4640
44.399999999999  4572
44.424999999999  4348
44.449999999999  4118
44.474999999999  4366
44.499999999999  4328
44.524999999999  4328
44.549999999999  4328
44.574999999999  4320
44.599999999999  4320
44.624999999999  4320
44.649999999999  4222
44.674999999999  4206
44.699999999999  4076
44.724999999999  3912
44.749999999999  3904
44.774999999999  4002
44.799999999999  3916
44.824999999999  3916
44.849999999999  3916
44.874999999999  3894
44.899999999999  3878
44.924999999999  3842
44.949999999999  3794
44.974999999999  3718
44.999999999999  3674
45.024999999999  3634
45.049999999999  3546
45.074999999999  4072
45.099999999999  4012
45.124999999999  4012
45.149999999999  4012
45.174999999999  3960
45.199999999999  3914
45.224999999999  3826
45.249999999999  3826
45.274999999998  3810
45.299999999998  3810
45.324999999998  3810
45.349999999998  3698
45.374999999998  3630
45.399999999998  4120
45.424999999998  3884
45.449999999998  3794
45.474999999998  3794
45.499999999998  3702
45.524999999998  4124
45.549999999998  4030
45.574999999998  4030
45.599999999998  4030
45.624999999998  4030
45.649999999998  4014
45.674999999998  3990
45.699999999998  3952
45.724999999998  3890
45.749999999998  3730
45.774999999998  3646
45.799999999998  4450
45.824999999998  4475
45.849999999998  4308
45.874999999998  4120
45.899999999998  4120
45.924999999998  4300
45.949999999998  4262
45.974999999998  4262
45.999999999998  4262
46.024999999998  4262
46.049999999998  4262
46.074999999998  4232
46.099999999998  4232
46.124999999998  4172
46.149999999998  4164
46.174999999998  4471
46.199999999998  4284
46.224999999998  4244
46.249999999998  4244
46.274999999998  4244
46.299999999998  4176
46.324999999998  4176
46.349999999998  4116
46.374999999998  4934
46.399999999998  4922
46.424999999998  4922
46.449999999998  4922
46.474999999998  4922
46.499999999998  4922
46.524999999998  4922
46.549999999998  4922
46.574999999998  4922
46.599999999998  4922
46.624999999998  4866
46.649999999998  4866
46.674999999998  4846
46.699999999998  4810
46.724999999998  4794
46.749999999998  4472
46.774999999998  4398
46.799999999998  5412
46.824999999998  5490
46.849999999998  5490
46.874999999998  5490
46.899999999998  5490
46.924999999998  5472
46.949999999998  5324
46.974999999998  5250
46.999999999998  5184
47.024999999998  5036
47.049999999998  4804
47.074999999998  4736
47.099999999998  4700
47.124999999998  5703
47.149999999998  5848
47.174999999998  5840
47.199999999998  5778
47.224999999998  5778
47.249999999998  5778
47.274999999998  5758
47.299999999998  5702
47.324999999998  5642
47.349999999998  5474
47.374999999998  5302
47.399999999998  5162
47.424999999998  4998
47.449999999998  4898
47.474999999998  4796
47.499999999998  4800
47.524999999998  4800
47.549999999998  4800
47.574999999998  4800
47.599999999998  4800
47.624999999998  4764
47.649999999998  4596
47.674999999998  5564
47.699999999998  5254
47.724999999998  5186
47.749999999998  5148
47.774999999998  5082
47.799999999998  5082
47.824999999998  5018
47.849999999998  5018
47.874999999998  5018
47.899999999998  5006
47.924999999998  4978
47.949999999998  5874
47.974999999998  5784
47.999999999998  5580
48.024999999998  5540
48.049999999998  5484
48.074999999998  5396
48.099999999998  5282
48.124999999998  5190
48.149999999998  5813
48.174999999998  5928
48.199999999998  5928
48.224999999998  5928
48.249999999998  5928
48.274999999998  5928
48.299999999998  5872
48.324999999998  5804
48.349999999998  5394
48.374999999998  4986
48.399999999998  4778
48.424999999998  4754
48.449999999998  4718
48.474999999998  5169
48.499999999998  5184
48.524999999998  5184
48.549999999998  5184
48.574999999998  5184
48.599999999998  5168
48.624999999998  5116
48.649999999998  4904
48.674999999998  4754
48.699999999998  4706
48.724999999998  4582
48.749999999998  4490
48.774999999998  4452
48.799999999998  4392
48.824999999998  4392
48.849999999998  5040
48.874999999998  5040
48.899999999998  5040
48.924999999998  5040
48.949999999998  5024
48.974999999998  4988
48.999999999998  4872
49.024999999998  4986
49.049999999998  4910
49.074999999998  4858
49.099999999998  4774
49.124999999998  4710
49.149999999998  4674
49.174999999998  4674
49.199999999998  4674
49.224999999998  4610
49.249999999998  4578
49.274999999998  4468
49.299999999998  4816
49.324999999998  4670
49.349999999998  4634
49.374999999998  4594
49.399999999998  5116
49.424999999998  5078
49.449999999998  5026
49.474999999998  4998
49.499999999998  4944
49.524999999998  4840
49.549999999998  4708
49.574999999998  5363
49.599999999998  5480
49.624999999998  5456
49.649999999998  5342
49.674999999998  5182
49.699999999998  4958
49.724999999998  5679
49.749999999998  5820
49.774999999998  5776
49.799999999998  5720
49.824999999998  5720
49.849999999998  5632
49.874999999998  5580
49.899999999998  5580
49.924999999998  5530
49.949999999998  5452
49.974999999998  5216
49.999999999998  5008
50.024999999998  4716
50.049999999998  5385
50.074999999998  5564
50.099999999998  5544
50.124999999998  5544
50.149999999998  5544
50.174999999998  5396
50.199999999998  5360
50.224999999998  5170
50.249999999998  4946
50.274999999998  4838
50.299999999998  4770
50.324999999998  4686
50.349999999998  4586
50.374999999998  4410
50.399999999998  4302
50.424999999998  5415
50.449999999998  5288
50.474999999998  5236
50.499999999998  5236
50.524999999998  5236
50.549999999998  5184
50.574999999998  5110
50.599999999998  4902
50.624999999998  4654
50.649999999998  5378
50.674999999998  5620
50.699999999998  5584
50.724999999998  5496
50.749999999998  5440
50.774999999998  5290
50.799999999998  4696
50.824999999998  4548
50.849999999998  5188
50.874999999998  5318
50.899999999998  5290
50.924999999998  5266
50.949999999998  4990
50.974999999998  4646
50.999999999998  4892
51.024999999998  4964
51.049999999998  4964
51.074999999998  4964
51.099999999998  4876
51.124999999998  4808
51.149999999998  4592
51.174999999998  4396
51.199999999998  5398
51.224999999998  5540
51.249999999998  5540
51.274999999998  5540
51.299999999998  5408
51.324999999998  5206
51.349999999998  5006
51.374999999998  4724
51.399999999998  4920
51.424999999998  4926
51.449999999998  4926
51.474999999998  4926
51.499999999998  4926
51.524999999998  4926
51.549999999998  4778
51.574999999998  4656
51.599999999998  5346
51.624999999998  5350
51.649999999998  5350
51.674999999998  5350
51.699999999998  5306
51.724999999998  5306
51.749999999998  5296
51.774999999998  5248
51.799999999998  5216
51.824999999998  4960
51.849999999998  4898
51.874999999998  4762
51.899999999998  5392
51.924999999998  5420
51.949999999998  5356
51.974999999998  5368
51.999999999998  5354
52.024999999998  5278
52.049999999998  5096
52.074999999998  5899
52.099999999998  5990
52.124999999998  5990
52.149999999998  5990
52.174999999998  5930
52.199999999998  5874
52.224999999998  5772
52.249999999998  5544
52.274999999998  5188
52.299999999998  4878
52.324999999998  5181
52.349999999998  5250
52.374999999998  5250
52.399999999998  5250
52.424999999998  5250
52.449999999998  5202
52.474999999998  4970
52.499999999998  4710
52.524999999998  5346
52.549999999998  5342
52.574999999998  5310
52.599999999998  5244
52.624999999998  5200
52.649999999998  5200
52.674999999998  5124
52.699999999998  5008
52.724999999998  4732
52.749999999998  4870
52.774999999998  4942
52.799999999998  4926
52.824999999998  4878
52.849999999998  4800
52.874999999998  4660
52.899999999998  5520
52.924999999998  5368
52.949999999998  5296
52.974999999998  5240
52.999999999998  5220
53.024999999998  5368
53.049999999998  5326
53.074999999998  5278
53.099999999998  4988
53.124999999998  4808
53.149999999998  4832
53.174999999998  4868
53.199999999998  4868
53.224999999998  4800
53.249999999998  6062
53.274999999998  5954
53.299999999998  5954
53.324999999998  5954
53.349999999998  5702
53.374999999998  5630
53.399999999998  5490
53.424999999998  6235
53.449999999998  6332
53.474999999998  6328
53.499999999998  6328
53.524999999998  6032
53.549999999998  5922
53.574999999998  5822
53.599999999998  5380
53.624999999998  5823
53.649999999998  5838
53.674999999998  5838
53.699999999998  5766
53.724999999998  5612
53.749999999998  5428
53.774999999998  5282
53.799999999998  5156
53.824999999998  6235
53.849999999998  6076
53.874999999998  6048
53.899999999998  6028
53.924999999998  5920
53.949999999998  5690
53.974999999998  6644
53.999999999998  6802
54.024999999998  6802
54.049999999998  6802
54.074999999998  6558
54.099999999998  6394
54.124999999998  6158
54.149999999998  5678
54.174999999998  5264
54.199999999998  5229
54.224999999998  5204
54.249999999998  5164
54.274999999998  5024
54.299999999998  4854
54.324999999998  4991
54.349999999998  5094
54.374999999998  5094
54.399999999998  5076
54.424999999998  5076
54.449999999998  5052
54.474999999998  5052
54.499999999998  4964
54.524999999998  5186
54.549999999998  5198
54.574999999998  5198
54.599999999998  5140
54.624999999998  4952
54.649999999998  6093
54.674999999998  6014
54.699999999998  5974
54.724999999998  5878
54.749999999998  5770
54.774999999998  5492
54.799999999998  5186
54.824999999998  4906
54.849999999998  5584
54.874999999998  5702
54.899999999998  5702
54.924999999998  5666
54.949999999998  5482
54.974999999998  6183
54.999999999998  6100
55.024999999998  6100
55.049999999998  6100
55.074999999998  6076
55.099999999998  6036
55.124999999998  5884
55.149999999998  5872
55.174999999998  5700
55.199999999998  5604
55.224999999998  5572
55.249999999998  5080
55.274999999998  4888
55.299999999998  4670
55.324999999998  4628
55.349999999998  4564
55.374999999998  4896
55.399999999998  4914
55.424999999998  4886
55.449999999998  4788
55.474999999998  5480
55.499999999998  5612
55.524999999998  5612
55.549999999998  5612
55.574999999998  5556
55.599999999998  5142
55.624999999998  5861
55.649999999998  5782
55.674999999998  5582
55.699999999998  5510
55.724999999998  5442
55.749999999998  5176
55.774999999998  5082
55.799999999998  5980
55.824999999998  5930
55.849999999998  5930
55.874999999998  5802
55.899999999998  5510
55.924999999998  5086
55.949999999998  5564
55.974999999998  5606
55.999999999998  5606
56.024999999998  5606
56.049999999998  5380
56.074999999998  5156
56.099999999998  5016
56.124999999998  6120
56.149999999998  5930
56.174999999998  5778
56.199999999998  5778
56.224999999998  5778
56.249999999998  5778
56.274999999998  5750
56.299999999998  5726
56.324999999998  5646
56.349999999998  5618
56.374999999998  5542
56.399999999998  6651
56.424999999998  6630
56.449999999998  6590
56.474999999998  6342
56.499999999998  6136
56.524999999998  5864
56.549999999998  5676
56.574999999998  5488
56.599999999998  5721
56.624999999998  5896
56.649999999998  5896
56.674999999998  5848
56.699999999998  5848
56.724999999998  5848
56.749999999998  5752
56.774999999998  5562
56.799999999998  5494
56.824999999998  5929
56.849999999998  5934
56.874999999998  5934
56.899999999998  5934
56.924999999998  5826
56.949999999998  5582
56.974999999998  5464
56.999999999998  5358
57.024999999998  5570
57.049999999998  5658
57.074999999998  5658
57.099999999998  5630
57.124999999998  5552
57.149999999998  5396
57.174999999998  5192
57.199999999998  5168
57.224999999998  6257
57.249999999998  6250
57.274999999998  6162
57.299999999998  6162
57.324999999998  6038
57.349999999998  5986
57.374999999998  5934
57.399999999998  5862
57.424999999998  5814
57.449999999998  5692
57.474999999998  5476
57.499999999998  5884
57.524999999998  5872
57.549999999998  5840
57.574999999998  5812
57.599999999998  5768
57.624999999998  5480
57.649999999998  5320
57.674999999998  6326
57.699999999998  6106
57.724999999998  5830
57.749999999998  6260
57.774999999998  6284
57.799999999998  6174
57.824999999998  5986
57.849999999998  5686
57.874999999998  5418
57.899999999998  5316
57.924999999998  5266
57.949999999998  5266
57.974999999998  5266
57.999999999998  5874
58.024999999998  5722
58.049999999998  5594
58.074999999998  5462
58.099999999998  6303
58.124999999998  6160
58.149999999998  6084
58.174999999998  6052
58.199999999998  5952
58.224999999998  5836
58.249999999998  5816
58.274999999998  6304
58.299999999998  6318
e
0.025  34152
0.05  34152
0.075  31160
0.1  31160
0.125  31160
0.15  31160
0.175  29876
0.2  29876
0.225  23724
0.25  23724
0.275  22952
0.3  18848
0.325  16284
0.35  15464
0.375  16564
0.4  16564
0.425  16564
0.45  16564
0.475  16564
0.5  16564
0.525  21632
0.55  21632
0.575  21632
0.6  18556
0.625  14092
0.65  13280
0.675  20096
0.7  20096
0.725  20096
0.75  20096
0.775  20096
0.8  20096
0.825  19324
0.85  17784
0.875  15220
0.9  13376
0.925  15940
0.95  15940
0.975  15940
1  15940
1.025  15940
1.05  21860
1.075  21860
1.1  21860
1.125  18744
1.15  13612
1.175  13424
1.2  23576
1.225  23576
1.25  23576
1.275  20500
1.3  20500
1.325  20500
1.35  18188
1.375  18188
1.4  15624
1.425  15788
1.45  15788
1.475  15788
1.5  15788
1.525  15788
1.55  15592
1.575  21540
1.6  21540
1.625  21540
1.65  18464
1.675  13292
1.7  16404
1.725  16404
1.75  16404
1.775  16404
1.8  26832
1.825  26832
1.85  26832
1.875  21956
1.9  18028
1.925  13372
1.95  15896
1.975  15896
2  15896
2.025  15896
2.05  15896
2.075  21916
2.1  21916
2.125  21916
2.15  18840
2.175  18068
2.2  13468
2.225  23496
2.25  23496
2.275  23496
2.3  20420
2.325  20420
2.35  20420
2.375  19648
2.4  18108
2.425  15544
2.45  16256
2.475  16256
2.5  16256
2.525  16256
2.55  16256
2.575  16256
2.6  21796
2.625  21796
2.65  21796
2.675  18568
2.7  13408
2.725  16544
2.75  16544
2.775  16544
2.8  16544
2.825  26620
2.85  26620
2.875  26620
2.9  21688
2.925  18240
2.95  13516
2.975  16056
3  16056
3.025  16056
3.05  16056
3.075  15136
3.1  21608
3.125  21608
3.15  21608
3.175  18532
3.2  14780
3.225  13532
3.25  20112
3.275  20112
3.3  20112
3.325  20112
3.35  20112
3.375  19340
3.4  17800
3.425  15236
3.45  14892
3.475  16008
3.5  16008
3.525  16008
3.55  16008
3.575  16008
3.6  27144
3.625  27144
3.65  27144
3.675  21152
3.7  18984
3.725  13860
3.75  21144
3.775  21144
3.8  21144
3.825  21096
3.85  19660
3.875  19660
3.9  18156
3.925  14784
3.95  14056
3.975  12320
4  18332
4.025  18332
4.05  18332
4.075  18332
4.1  18332
4.125  17604
4.15  16224
4.175  15064
4.2  13880
4.225  19468
4.25  19468
4.275  19468
4.3  19428
4.325  18708
4.35  18192
4.375  17120
4.4  14632
4.425  13852
4.45  19720
4.475  19720
4.5  15252
4.525  17276
4.55  17276
4.575  17276
4.6  17276
4.625  15808
4.65  13660
4.675  18144
4.7  18144
4.725  15488
4.75  25584
4.775  25584
4.8  25392
4.825  20348
4.85  24928
4.875  24928
4.9  24736
4.925  20716
4.95  16484
4.975  20252
5  20252
5.025  16116
5.05  17448
5.075  17448
5.1  17216
5.125  22096
5.15  22056
5.175  18276
5.2  14844
5.225  14500
5.25  16160
5.275  16104
5.3  15704
5.325  20820
5.35  20820
5.375  19676
5.4  20152
5.425  20096
5.45  20040
5.475  18656
5.5  16156
5.525  14120
5.55  14016
5.575  13264
5.6  12360
5.625  17312
5.65  17312
5.675  17112
5.7  14652
5.725  12232
5.75  10712
5.775  10712
5.8  13420
5.825  13420
5.85  13372
5.875  12812
5.9  17764
5.925  17764
5.95  17716
5.975  17428
6  15996
6.025  15068
6.05  14756
6.075  14428
6.1  13996
6.125  12828
6.15  11204
6.175  10480
6.2  9480
6.225  10292
6.25  10292
6.275  10476
6.3  10476
6.325  10476
6.35  10476
6.375  10380
6.4  13268
6.425  13268
6.45  13180
6.475  11756
6.5  10592
6.525  13864
6.55  13864
6.575  13824
6.6  11784
6.625  13752
6.65  13752
6.675  13752
6.7  13752
6.725  13148
6.75  11308
6.775  9152
6.8  8516
6.825  11560
6.85  11512
6.875  11512
6.9  10432
6.925  10432
6.95  10376
6.975  10096
7  9548
7.025  13616
7.05  13616
7.075  13520
7.1  13328
7.125  13064
7.15  12156
7.175  11252
7.2  10444
7.225  9544
7.25  9364
7.275  9364
7.3  9160
7.325  8600
7.35  9540
7.375  9540
7.4  9356
7.425  10928
7.45  10928
7.475  10848
7.5  10264
7.525  10496
7.55  10408
7.575  10216
7.6  9880
7.625  9056
7.65  10028
7.675  9900
7.7  9772
7.725  9716
7.75  9616
7.775  8972
7.8  8572
7.825  8816
7.85  8768
7.875  8648
7.9  8488
7.925  10288
7.95  10288
7.975  10288
8  9040
8.025  11240
8.05  11240
8.075  11240
8.1  10060
8.125  8508
8.15  11084
8.175  11084
8.2  10108
8.225  11008
8.25  11008
8.2750000000001  11008
8.3000000000001  11008
8.3250000000001  10848
8.3500000000001  10200
8.3750000000001  9512
8.4000000000001  9068
8.4250000000001  7980
8.4500000000001  10872
8.4750000000001  10872
8.5000000000001  10872
8.5250000000001  10728
8.5500000000001  10192
8.5750000000001  9460
8.6000000000001  8768
8.6250000000001  8520
8.6500000000001  10724
8.6750000000001  10724
8.7000000000001  10724
8.7250000000001  10724
8.7500000000001  10380
8.7750000000001  9576
8.8000000000001  9104
8.8250000000001  10868
8.8500000000001  10868
8.8750000000001  10868
8.9000000000001  10868
8.9250000000001  10348
8.9500000000001  9740
8.9750000000001  9208
9.0000000000001  8556
9.0250000000001  7824
9.0500000000001  9672
9.0750000000001  9672
9.1000000000001  9552
9.1250000000001  12112
9.1500000000001  12112
9.1750000000001  12112
9.2000000000001  12064
9.2250000000001  11720
9.2500000000001  10584
9.2750000000001  9580
9.3000000000001  8240
9.3250000000001  8204
9.3500000000001  8204
9.3750000000001  8404
9.4000000000001  8348
9.4250000000001  8244
9.4500000000001  10616
9.4750000000001  10576
9.5000000000001  10528
9.5250000000001  9124
9.5500000000001  7956
9.5750000000001  7704
9.6000000000001  7644
9.6250000000001  7588
9.6500000000001  7276
9.6750000000001  8624
9.7000000000001  8624
9.7250000000001  8624
9.7500000000001  8368
9.7750000000001  8368
9.8000000000001  8320
9.8250000000001  8072
9.8500000000001  8108
9.8750000000001  8108
9.9000000000001  8108
9.9250000000001  7896
9.9500000000001  7640
9.9750000000001  10172
10  10172
10.025  10172
10.05  9676
10.075  11244
10.1  11244
10.125  11244
10.15  11244
10.175  10340
10.2  9680
10.225  8920
10.25  7940
10.275  10164
10.3  10164
10.325  10108
10.35  8764
10.375  10772
10.4  10772
10.425  10772
10.45  10716
10.475  9832
10.5  9128
10.525  8600
10.55  8220
10.575  8224
10.6  8224
10.625  8168
10.65  10764
10.675  10764
10.7  10764
10.725  10764
10.75  10260
10.775  9568
10.8  9168
10.825  8384
10.85  7820
10.875  7728
10.9  7728
10.925  7616
10.95  7560
10.975  7476
11  10184
11.025  10184
11.05  10184
11.075  10072
11.1  9416
11.125  8472
11.15  10664
11.175  10664
11.2  10664
11.225  10664
11.25  10504
11.275  10004
11.3  9340
11.325  8224
11.35  8224
11.375  8168
11.4  7844
11.425  10300
11.45  10300
11.475  10300
11.5  10252
11.525  9600
11.55  8332
11.575  7576
11.6  10716
11.625  10716
11.65  10548
11.675  9100
11.7  10884
11.725  10884
11.75  10884
11.775  9764
11.8  8960
11.825  8120
11.85  7820
11.875  7820
11.9  7704
11.925  7648
11.95  7320
11.975  10180
12  10180
12.025  10180
12.05  9916
12.075  8836
12.1  7736
12.125  7520
12.15  7520
12.175  7520
12.2  9544
12.225  9544
12.25  9544
12.275  9488
12.3  9336
12.325  8000
12.35  10436
12.375  10436
12.4  10436
12.425  10372
12.45  9976
12.475  9484
12.5  8864
12.525  8460
12.55  8008
12.575  7832
12.6  7560
12.625  9840
12.65  9840
12.675  9840
12.7  9520
12.725  8524
12.75  7744
12.775  7744
12.8  7744
12.825  7444
12.85  8620
12.875  8620
12.9  8620
12.925  8504
12.95  8064
12.975  7276
13  8948
13.025  8948
13.05  8948
13.075  8464
13.1  8108
13.125  8108
13.15  8108
13.175  8052
13.2  7948
13.225  7764
13.25  7520
13.275  7908
13.3  7908
13.325  7852
13.35  7852
13.375  7708
13.4  10332
13.425  10332
13.45  10332
13.475  9376
13.5  8532
13.525  7716
13.55  7604
13.575  7604
13.6  7604
13.625  7432
13.65  7232
13.675  7656
13.7  7656
13.725  7600
13.75  7496
13.775  7716
13.8  7716
13.825  7716
13.85  7716
13.875  7424
13.9  7872
13.925  7832
13.95  7832
13.975  7724
14  7516
14.025  7300
14.05  9532
14.075  9532
14.1  9532
14.125  9476
14.15  8984
14.175  7708
14.2  7688
14.225  7688
14.25  7688
14.275  7632
14.3  7388
14.325  8408
14.35  8408
14.375  8352
14.4  8240
14.425  8008
14.45  7808
14.475  7416
14.5  7756
14.525  7756
14.55  7756
14.575  7756
14.6  7652
14.625  7328
14.65  7784
14.675  7784
14.7  7784
14.725  7612
14.75  7460
14.775  7460
14.8  7284
14.825  7284
14.85  7284
14.875  7228
14.9  7488
14.925  7488
14.95  7448
14.975  7332
15  7332
15.025  7332
15.05  7332
15.075  7272
15.1  7064
15.125  6912
15.15  9724
15.175  9724
15.2  9724
15.225  9668
15.25  9388
15.275  8592
15.3  7876
15.325  7932
15.35  7932
15.375  7932
15.4  7876
15.425  7876
15.45  7720
15.475  7464
15.5  7128
15.525  9672
15.55  9672
15.575  9672
15.6  9616
15.625  9252
15.65  8404
15.675  7772
15.7  7768
15.725  7768
15.75  7768
15.775  7712
15.8  7712
15.825  7600
15.85  7384
15.875  7080
15.9  9568
15.925  9568
15.95  9528
15.975  9012
16  8244
16.025  7796
16.05  10396
16.075  10396
16.1  10396
16.125  10396
16.15  10048
16.175  9528
16.2  8980
16.225  8204
16.25  7676
16.275  7428
16.3  7580
16.325  7580
16.35  7580
16.375  7428
16.4  7440
16.425  7440
16.45  7440
16.475  9876
16.5  9876
16.525  9876
16.55  9716
16.575  9284
16.6  8696
16.625  8160
16.65  7912
16.675  7656
16.7  7224
16.725  7888
16.75  7888
16.775  7888
16.8  7832
16.825  7832
16.85  8152
16.875  8152
16.9  8152
16.925  8096
16.95  8096
16.975  7860
17  7572
17.025  7200
17.05  9972
17.075  9972
17.1  9972
17.125  9424
17.15  8596
17.175  8048
17.2  7436
17.225  7700
17.25  7700
17.275  7700
17.3  7644
17.325  7476
17.35  7320
17.375  7016
17.4  6736
17.425  9692
17.45  9692
17.475  9692
17.5  9540
17.525  8984
17.55  8044
17.575  7684
17.6  10356
17.625  10356
17.65  10356
17.675  10356
17.7  10356
17.725  9936
17.75  9680
17.775  9040
17.8  8508
17.825  7976
17.85  7564
17.875  7476
17.9  7476
17.925  7476
17.95  7476
17.975  7388
18  7136
18.025  7184
18.05  7184
18.075  7128
18.1  7128
18.125  7088
18.15  6980
18.175  6764
18.2  6540
18.225  6872
18.25  6872
18.275  6872
18.3  6816
18.325  6816
18.35  6768
18.375  6616
18.4  7628
18.425  7628
18.45  7628
18.475  7628
18.5  7572
18.525  7312
18.55  8184
18.575  8184
18.6  8128
18.625  8072
18.65  7908
18.675  7660
18.7  7548
18.725  7204
18.75  7060
18.775  7460
18.8  7460
18.825  7460
18.85  7460
18.875  7172
18.9  9136
18.925  9136
18.95  9136
18.975  9136
19  8972
19.025  8916
19.05  8668
19.075  8544
19.1  8124
19.125  7696
19.15  7316
19.175  7852
19.2  7852
19.225  7852
19.25  7852
19.275  7852
19.3  7796
19.325  7748
19.35  7552
19.375  7280
19.4  7088
19.425  6856
19.45  7440
19.475  7440
19.5  7440
19.525  7384
19.55  7384
19.575  7304
19.6  7160
19.625  7040
19.65  9460
19.675  9460
19.7  9460
19.725  9460
19.75  9404
19.775  9260
19.8  9096
19.825  8588
19.85  8092
19.875  7792
19.9  7416
19.925  7132
19.95  7228
19.975  7228
20  7228
20.025  7228
20.05  7132
20.075  6988
20.1  7732
20.125  7732
20.15  7732
20.175  7732
20.2  7672
20.225  7508
20.25  7212
20.275  7020
20.3  7340
20.325  7340
20.35  7340
20.375  7340
20.4  7340
20.425  7212
20.45  7068
20.475  6888
20.5  6888
20.525  6888
20.55  6888
20.575  6760
20.6  6620
20.625  7752
20.65  7752
20.675  7752
20.7  7696
20.725  7696
20.75  7592
20.775  7544
20.8  7444
20.825  7256
20.85  7064
20.875  7484
20.9  7484
20.925  7484
20.95  7484
20.975  7428
21  7428
21.025  7428
21.05  7200
21.075  6952
21.1  6712
21.125  7456
21.15  7456
21.175  7456
21.2  7400
21.225  7400
21.25  7352
21.275  7128
21.3  6940
21.325  8940
21.35  8940
21.375  8940
21.4  8940
21.425  8836
21.45  8628
21.475  8188
21.5  7996
21.525  7544
21.55  7416
21.575  7172
21.6  7508
21.625  7508
21.65  7508
21.675  7508
21.7  7508
21.725  7452
21.75  7316
21.775  7236
21.8  8000
21.825  8000
21.85  8000
21.875  8000
21.9  7940
21.925  7680
21.95  7488
21.975  7344
22  7928
22.025  7928
22.05  7928
22.075  7872
22.1  7816
22.125  7644
22.15  7308
22.175  6908
22.2  8720
22.225  8720
22.25  8720
22.275  8720
22.3  8616
22.325  8520
22.35  8276
22.375  8172
22.4  7800
22.425  7664
22.45  7872
22.475  7872
22.5  7872
22.525  7872
22.55  7872
22.575  7824
22.6  7720
22.625  7632
22.65  7488
22.675  7284
22.7  8004
22.725  8004
22.75  8004
22.775  8004
22.8  7888
22.825  7788
22.85  7524
22.875  7476
22.9  7300
22.925  7152
22.95  7588
22.975  7588
23  7588
23.025  7588
23.05  7532
23.075  7476
23.1  7196
23.125  7124
23.15  7124
23.175  7124
23.2  7124
23.225  7008
23.25  6832
23.275  7144
23.3  7144
23.325  7144
23.35  7144
23.375  7088
23.4  7088
23.425  7088
23.45  6944
23.475  6848
23.5  7444
23.525  7444
23.55  7444
23.575  7444
23.6  7336
23.625  7336
23.65  7288
23.675  7128
23.7  6936
23.725  6824
23.75  6776
23.775  7780
23.8  7780
23.825  7780
23.85  7780
23.875  7780
23.9  7680
23.925  7280
23.95  6824
23.975  9104
24  9104
24.025  9104
24.05  9104
24.075  9104
24.1  9000
24.125  8896
24.15  8756
24.175  8360
24.2  8088
24.225  7848
24.25  7480
24.275  7288
24.3  6888
24.325  7492
24.35  7492
24.375  7492
24.4  7492
24.425  7492
24.45  7492
24.475  7444
24.5  7348
24.525  7212
24.55  7164
24.575  8216
24.6  8216
24.625  8216
24.65  8160
24.675  8160
24.7  8056
24.725  8056
24.75  8008
24.775  7920
24.8  7776
24.825  7540
24.85  7248
24.875  6820
24.9  9020
24.925  9020
24.95  9020
24.975  9020
25  9020
25.025  8900
25.05  8796
25.075  8536
25.1  8296
25.125  8056
25.15  7836
25.175  7492
25.2  7396
25.225  7872
25.25  7872
25.275  7872
25.3  7872
25.325  7824
25.35  7824
25.375  7780
25.4  7700
25.425  7652
25.45  7652
25.475  7564
25.5  7512
25.525  8364
25.55  8364
25.575  8364
25.6  8364
25.625  8364
25.65  8260
25.675  8260
25.7  8156
25.725  8076
25.75  7980
25.775  7528
25.8  7260
25.825  7064
25.85  8532
25.875  8532
25.9  8532
25.925  8532
25.95  8532
25.975  8388
26  8388
26.025  8328
26.05  8224
26.075  7992
26.1  7904
26.125  7628
26.15  7312
26.175  7772
26.2  7772
26.225  7772
26.25  7772
26.275  7772
26.3  7724
26.325  7724
26.35  7664
26.375  7616
26.4  7564
26.425  7516
26.45  7380
26.475  7328
26.5  7232
26.525  8236
26.55  8236
26.575  8236
26.6  8236
26.625  8180
26.65  8180
26.675  8124
26.7  8124
26.725  7840
26.75  7424
26.775  7176
26.8  7252
26.825  7252
26.85  7252
26.875  7252
26.9  7252
26.925  7252
26.95  7252
26.975  7200
27  7112
27.025  7716
27.05  7716
27.075  7716
27.1  7716
27.125  7716
27.15  7668
27.175  7620
27.2  7476
27.225  7388
27.25  7260
27.275  7260
27.3  7076
27.325  6904
27.35  7044
27.375  7044
27.4  7044
27.425  7044
27.45  7044
27.475  6992
27.5  6944
27.525  6944
27.55  6892
27.575  6892
27.6  6892
27.624999999999  8488
27.649999999999  8440
27.674999999999  8440
27.699999999999  8392
27.724999999999  7920
27.749999999999  7532
27.774999999999  7136
27.799999999999  7196
27.824999999999  7196
27.849999999999  7196
27.874999999999  7196
27.899999999999  7196
27.924999999999  7196
27.949999999999  7196
27.974999999999  7144
27.999999999999  7016
28.024999999999  6968
28.049999999999  7692
28.074999999999  7692
28.099999999999  7692
28.124999999999  7692
28.149999999999  7692
28.174999999999  7692
28.199999999999  7692
28.224999999999  7644
28.249999999999  7596
28.274999999999  7500
28.299999999999  7316
28.324999999999  7196
28.349999999999  7036
28.374999999999  7440
28.399999999999  7440
28.424999999999  7440
28.449999999999  7440
28.474999999999  7440
28.499999999999  7440
28.524999999999  7388
28.549999999999  7340
28.574999999999  7340
28.599999999999  7340
28.624999999999  7288
28.649999999999  7184
28.674999999999  8664
28.699999999999  8576
28.724999999999  8576
28.749999999999  8576
28.774999999999  8576
28.799999999999  8576
28.824999999999  8576
28.849999999999  8528
28.874999999999  8480
28.899999999999  8480
28.924999999999  8432
28.949999999999  8280
28.974999999999  8232
28.999999999999  8192
29.024999999999  7820
29.049999999999  7584
29.074999999999  7404
29.099999999999  7812
29.124999999999  7812
29.149999999999  7812
29.174999999999  7812
29.199999999999  7812
29.224999999999  7812
29.249999999999  7772
29.274999999999  7724
29.299999999999  7684
29.324999999999  7684
29.349999999999  7444
29.374999999999  7324
29.399999999999  7292
29.424999999999  7220
29.449999999999  7532
29.474999999999  7532
29.499999999999  7532
29.524999999999  7532
29.549999999999  7532
29.574999999999  7480
29.599999999999  7432
29.624999999999  7432
29.649999999999  7432
29.674999999999  7380
29.699999999999  7380
29.724999999999  9180
29.749999999999  9084
29.774999999999  9084
29.799999999999  9084
29.824999999999  9028
29.849999999999  9028
29.874999999999  8840
29.899999999999  8464
29.924999999999  8196
29.949999999999  7728
29.974999999999  7580
29.999999999999  10896
30.024999999999  10896
30.049999999999  10896
30.074999999999  10896
30.099999999999  10896
30.124999999999  10808
30.149999999999  10700
30.174999999999  10644
30.199999999999  10396
30.224999999999  10252
30.249999999999  9972
30.274999999999  9756
30.299999999999  9524
30.324999999999  9472
30.349999999999  9136
30.374999999999  8944
30.399999999999  8800
30.424999999999  8672
30.449999999999  8544
30.474999999999  8160
30.499999999999  7900
30.524999999999  7544
30.549999999999  8204
30.574999999999  8204
30.599999999999  8204
30.624999999999  8204
30.649999999999  8204
30.674999999999  8156
30.699999999999  8156
30.724999999999  8156
30.749999999999  8156
30.774999999999  8156
30.799999999999  8064
30.824999999999  8064
30.849999999999  9600
30.874999999999  9544
30.899999999999  9544
30.924999999999  9488
30.949999999999  9488
30.974999999999  9488
30.999999999999  9488
31.024999999999  9488
31.049999999999  9440
31.074999999999  9392
31.099999999999  9392
31.124999999999  9344
31.149999999999  9152
31.174999999999  8952
31.199999999999  8712
31.224999999999  8528
31.249999999999  8256
31.274999999999  7980
31.299999999999  7816
31.324999999999  7488
31.349999999999  7088
31.374999999999  7532
31.399999999999  7532
31.424999999999  7532
31.449999999999  7532
31.474999999999  7532
31.499999999999  7532
31.524999999999  7532
31.549999999999  7532
31.574999999999  7532
31.599999999999  7532
31.624999999999  7532
31.649999999999  7452
31.674999999999  7372
31.699999999999  7224
31.724999999999  10940
31.749999999999  10940
31.774999999999  10940
31.799999999999  10940
31.824999999999  10940
31.849999999999  10940
31.874999999999  10832
31.899999999999  10776
31.924999999999  10680
31.949999999999  10448
31.974999999999  10304
31.999999999999  9892
32.024999999999  8940
32.049999999999  8584
32.074999999999  8384
32.099999999999  7804
32.124999999999  7988
32.149999999999  7988
32.174999999999  7988
32.199999999999  7988
32.224999999999  7988
32.249999999999  7988
32.274999999999  7988
32.299999999999  7940
32.324999999999  7888
32.349999999999  7888
32.374999999999  7840
32.399999999999  7808
32.424999999999  7768
32.449999999999  7720
32.474999999999  7344
32.499999999999  7304
32.524999999999  10564
32.549999999999  10564
32.574999999999  10564
32.599999999999  10564
32.624999999999  10564
32.649999999999  10564
32.674999999999  10460
32.699999999999  10460
32.724999999999  10400
32.749999999999  10320
32.774999999999  10272
32.799999999999  10224
32.824999999999  10124
32.849999999999  10076
32.874999999999  9932
32.899999999999  9884
32.924999999999  9844
32.949999999999  9656
32.974999999999  9464
32.999999999999  9464
33.024999999999  9376
33.049999999999  9304
33.074999999999  8920
33.099999999999  8728
33.124999999999  8476
33.149999999999  9600
33.174999999999  9544
33.199999999999  9544
33.224999999999  9544
33.249999999999  9488
33.274999999999  9488
33.299999999999  9488
33.324999999999  9488
33.349999999999  9488
33.374999999999  9440
33.399999999999  9440
33.424999999999  9440
33.449999999999  9440
33.474999999999  9288
33.499999999999  9076
33.524999999999  8836
33.549999999999  8660
33.574999999999  8468
33.599999999999  8164
33.624999999999  8060
33.649999999999  7832
33.674999999999  7756
33.699999999999  7340
33.724999999999  7200
33.749999999999  6904
33.774999999999  6612
33.799999999999  6520
33.824999999999  9096
33.849999999999  9096
33.874999999999  9096
33.899999999999  9096
33.924999999999  9096
33.949999999999  9096
33.974999999999  9096
33.999999999999  9096
34.024999999999  9096
34.049999999999  9048
34.074999999999  9000
34.099999999999  8948
34.124999999999  8900
34.149999999999  8820
34.174999999999  8772
34.199999999999  8724
34.224999999999  8452
34.249999999999  8352
34.274999999999  8140
34.299999999999  8052
34.324999999999  7996
34.349999999999  7896
34.374999999999  7752
34.399999999999  8452
34.424999999999  8404
34.449999999999  8404
34.474999999999  8404
34.499999999999  8404
34.524999999999  8404
34.549999999999  8404
34.574999999999  8404
34.599999999999  8356
34.624999999999  8356
34.649999999999  8248
34.674999999999  8104
34.699999999999  7944
34.724999999999  7716
34.749999999999  7716
34.774999999999  7716
34.799999999999  7628
34.824999999999  7508
34.849999999999  7284
34.874999999999  10988
34.899999999999  10988
34.924999999999  10988
34.949999999999  10988
34.974999999999  10988
34.999999999999  10932
35.024999999999  10932
35.049999999999  10884
35.074999999999  10728
35.099999999999  10728
35.124999999999  10300
35.149999999999  10204
35.174999999999  10100
35.199999999999  10100
35.224999999999  9904
35.249999999999  9812
35.274999999999  9592
35.299999999999  9592
35.324999999999  9376
35.349999999999  9144
35.374999999999  9044
35.399999999999  8868
35.424999999999  8588
35.449999999999  9672
35.474999999999  9616
35.499999999999  9616
35.524999999999  9560
35.549999999999  9560
35.574999999999  9480
35.599999999999  9288
35.624999999999  8744
35.649999999999  8556
35.674999999999  8260
35.699999999999  7956
35.724999999999  7624
35.749999999999  7236
35.774999999999  9980
35.799999999999  9980
35.824999999999  9980
35.849999999999  9980
35.874999999999  9924
35.899999999999  9876
35.924999999999  9876
35.949999999999  9820
35.974999999999  9820
35.999999999999  9780
36.024999999999  9588
36.049999999999  9304
36.074999999999  9200
36.099999999999  8968
36.124999999999  8624
36.149999999999  8576
36.174999999999  8472
36.199999999999  8380
36.224999999999  8292
36.249999999999  8172
36.274999999999  8032
36.299999999999  8860
36.324999999999  8860
36.349999999999  8860
36.374999999999  8860
36.399999999999  8804
36.424999999999  8804
36.449999999999  8804
36.474999999999  8708
36.499999999999  8608
36.524999999999  8556
36.549999999999  8380
36.574999999999  8252
36.599999999999  8196
36.624999999999  8128
36.649999999999  7984
36.674999999999  7736
36.699999999999  7592
36.724999999999  7592
36.749999999999  7592
36.774999999999  7592
36.799999999999  7592
36.824999999999  7592
36.849999999999  7540
36.874999999999  7540
36.899999999999  7492
36.924999999999  9440
36.949999999999  9440
36.974999999999  9440
36.999999999999  9392
37.024999999999  9336
37.049999999999  9336
37.074999999999  9288
37.099999999999  9240
37.124999999999  9004
37.149999999999  8908
37.174999999999  8756
37.199999999999  8648
37.224999999999  8568
37.249999999999  8516
37.274999999999  8476
37.299999999999  8228
37.324999999999  8052
37.349999999999  8620
37.374999999999  8620
37.399999999999  8620
37.424999999999  8620
37.449999999999  8564
37.474999999999  8564
37.499999999999  8516
37.524999999999  8416
37.549999999999  8316
37.574999999999  8236
37.599999999999  8204
37.624999999999  8124
37.649999999999  8076
37.674999999999  7988
37.699999999999  7760
37.724999999999  7712
37.749999999999  11176
37.774999999999  11176
37.799999999999  11176
37.824999999999  11176
37.849999999999  11120
37.874999999999  11016
37.899999999999  10920
37.924999999999  10596
37.949999999999  10436
37.974999999999  10116
37.999999999999  9900
38.024999999999  9804
38.049999999999  9560
38.074999999999  9324
38.099999999999  9096
38.124999999999  8760
38.149999999999  9160
38.174999999999  9160
38.199999999999  9160
38.224999999999  9160
38.249999999999  9160
38.274999999999  9160
38.299999999999  9160
38.324999999999  9072
38.349999999999  9024
38.374999999999  8976
38.399999999999  8828
38.424999999999  8568
38.449999999999  9316
38.474999999999  9316
38.499999999999  9316
38.524999999999  9316
38.549999999999  9260
38.574999999999  9260
38.599999999999  9212
38.624999999999  9164
38.649999999999  9028
38.674999999999  8948
38.699999999999  8612
38.724999999999  8800
38.749999999999  8800
38.774999999999  8800
38.799999999999  8800
38.824999999999  8800
38.849999999999  8800
38.874999999999  8800
38.899999999999  8700
38.924999999999  8572
38.949999999999  8492
38.974999999999  10024
38.999999999999  10024
39.024999999999  10024
39.049999999999  10024
39.074999999999  10024
39.099999999999  10024
39.124999999999  9976
39.149999999999  9820
39.174999999999  9676
39.199999999999  9628
39.224999999999  9364
39.249999999999  9116
39.274999999999  8988
39.299999999999  8848
39.324999999999  9668
39.349999999999  9668
39.374999999999  9668
39.399999999999  9668
39.424999999999  9564
39.449999999999  9564
39.474999999999  9420
39.499999999999  9200
39.524999999999  9056
39.549999999999  8956
39.574999999999  9560
39.599999999999  9560
39.624999999999  9560
39.649999999999  9560
39.674999999999  9512
39.699999999999  9472
39.724999999999  9248
39.749999999999  9160
39.774999999999  8796
39.799999999999  12380
39.824999999999  12380
39.849999999999  12380
39.874999999999  12320
39.899999999999  12264
39.924999999999  12224
39.949999999999  12024
39.974999999999  11920
39.999999999999  11736
40.024999999999  11688
40.049999999999  11244
40.074999999999  10940
40.099999999999  10420
40.124999999999  10136
40.149999999999  9912
40.174999999999  9672
40.199999999999  10252
40.224999999999  10252
40.249999999999  10252
40.274999999999  10252
40.299999999999  10192
40.324999999999  9960
40.349999999999  9864
40.374999999999  9680
40.399999999999  10872
40.424999999999  10872
40.449999999999  10872
40.474999999999  10872
40.499999999999  10816
40.524999999999  10224
40.549999999999  9468
40.574999999999  9112
40.599999999999  9112
40.624999999999  9064
40.649999999999  9064
40.674999999999  11592
40.699999999999  11592
40.724999999999  11592
40.749999999999  11536
40.774999999999  11344
40.799999999999  11096
40.824999999999  10952
40.849999999999  10704
40.874999999999  10200
40.899999999999  10884
40.924999999999  10884
40.949999999999  10884
40.974999999999  10788
40.999999999999  10708
41.024999999999  10604
41.049999999999  10500
41.074999999999  10264
41.099999999999  11356
41.124999999999  11356
41.149999999999  11356
41.174999999999  11212
41.199999999999  11028
41.224999999999  10972
41.249999999999  10732
41.274999999999  10496
41.299999999999  10216
41.324999999999  9724
41.349999999999  13296
41.374999999999  13296
41.399999999999  13200
41.424999999999  12872
41.449999999999  11988
41.474999999999  11560
41.499999999999  10196
41.524999999999  13420
41.549999999999  13420
41.574999999999  13420
41.599999999999  13268
41.624999999999  13140
41.649999999999  12980
41.674999999999  12796
41.699999999999  12524
41.724999999999  11900
41.749999999999  11408
41.774999999999  11064
41.799999999999  11124
41.824999999999  11124
41.849999999999  11124
41.874999999999  11124
41.899999999999  10944
41.924999999999  11304
41.949999999999  11256
41.974999999999  11200
41.999999999999  11044
42.024999999999  10708
42.049999999999  15436
42.074999999999  15436
42.099999999999  15436
42.124999999999  15260
42.149999999999  14068
42.174999999999  13308
42.199999999999  12280
42.224999999999  15016
42.249999999999  14976
42.274999999999  14976
42.299999999999  14928
42.324999999999  14848
42.349999999999  14428
42.374999999999  13924
42.399999999999  13448
42.424999999999  12756
42.449999999999  12188
42.474999999999  12508
42.499999999999  12508
42.524999999999  12468
42.549999999999  12228
42.574999999999  11860
42.599999999999  12888
42.624999999999  12888
42.649999999999  12888
42.674999999999  12784
42.699999999999  12560
42.724999999999  12060
42.749999999999  11860
42.774999999999  13096
42.799999999999  13096
42.824999999999  13096
42.849999999999  13096
42.874999999999  13096
42.899999999999  12696
42.924999999999  12396
42.949999999999  12108
42.974999999999  12388
42.999999999999  12388
43.024999999999  12388
43.049999999999  12020
43.074999999999  14800
43.099999999999  14800
43.124999999999  14740
43.149999999999  14684
43.174999999999  14604
43.199999999999  14404
43.224999999999  13924
43.249999999999  13260
43.274999999999  12304
43.299999999999  12440
43.324999999999  12392
43.349999999999  12336
43.374999999999  12764
43.399999999999  12716
43.424999999999  12716
43.449999999999  12612
43.474999999999  12280
43.499999999999  13140
43.524999999999  13092
43.549999999999  13036
43.574999999999  12872
43.599999999999  12536
43.624999999999  12196
43.649999999999  11836
43.674999999999  12844
43.699999999999  12844
43.724999999999  12796
43.749999999999  12556
43.774999999999  12556
43.799999999999  12852
43.824999999999  12676
43.849999999999  12616
43.874999999999  12464
43.899999999999  12104
43.924999999999  12700
43.949999999999  12604
43.974999999999  12500
43.999999999999  12452
44.024999999999  13344
44.049999999999  13248
44.074999999999  13192
44.099999999999  12976
44.124999999999  12828
44.149999999999  12404
44.174999999999  12452
44.199999999999  12304
44.224999999999  12152
44.249999999999  15232
44.274999999999  15056
44.299999999999  15056
44.324999999999  14836
44.349999999999  14360
44.374999999999  13388
44.399999999999  14692
44.424999999999  14508
44.449999999999  14428
44.474999999999  14140
44.499999999999  13604
44.524999999999  14744
44.549999999999  14552
44.574999999999  14492
44.599999999999  14356
44.624999999999  13948
44.649999999999  17408
44.674999999999  17280
44.699999999999  17232
44.724999999999  16960
44.749999999999  15852
44.774999999999  14560
44.799999999999  18096
44.824999999999  17920
44.849999999999  17840
44.874999999999  17448
44.899999999999  16828
44.924999999999  15712
44.949999999999  14736
44.974999999999  14180
44.999999999999  13996
45.024999999999  13868
45.049999999999  13644
45.074999999999  15416
45.099999999999  15240
45.124999999999  15112
45.149999999999  14532
45.174999999999  18224
45.199999999999  18048
45.224999999999  17920
45.249999999999  17816
45.274999999998  17520
45.299999999998  16496
45.324999999998  15520
45.349999999998  14556
45.374999999998  15416
45.399999999998  15288
45.424999999998  14984
45.449999999998  14428
45.474999999998  15528
45.499999999998  15400
45.524999999998  15272
45.549999999998  14840
45.574999999998  14396
45.599999999998  16000
45.624999999998  15872
45.649999999998  15688
45.674999999998  15508
45.699999999998  15052
45.724999999998  14856
45.749999999998  14672
45.774999999998  14712
45.799999999998  14584
45.824999999998  14160
45.849999999998  17408
45.874999999998  17280
45.899999999998  17152
45.924999999998  16960
45.949999999998  16428
45.974999999998  15688
45.999999999998  16656
46.024999999998  16528
46.049999999998  16400
46.074999999998  16256
46.099999999998  15432
46.124999999998  17408
46.149999999998  17280
46.174999999998  17096
46.199999999998  16600
46.224999999998  15556
46.249999999998  18416
46.274999999998  18288
46.299999999998  18288
46.324999999998  18232
46.349999999998  18024
46.374999999998  16384
46.399999999998  18168
46.424999999998  18168
46.449999999998  18128
46.474999999998  17548
46.499999999998  16272
46.524999999998  18496
46.549999999998  18496
46.574999999998  18456
46.599999999998  17372
46.624999999998  15888
46.649999999998  20964
46.674999999998  20964
46.699999999998  20852
46.724999999998  19112
46.749999999998  17116
46.774999999998  21424
46.799999999998  21424
46.824999999998  21424
46.849999999998  21328
46.874999999998  20692
46.899999999998  19316
46.924999999998  17700
46.949999999998  16876
46.974999999998  21804
46.999999999998  21804
47.024999999998  21540
47.049999999998  19424
47.074999999998  16944
47.099999999998  16044
47.124999999998  16044
47.149999999998  16044
47.174999999998  19204
47.199999999998  19204
47.224999999998  19204
47.249999999998  19088
47.274999999998  18928
47.299999999998  18424
47.324999999998  17348
47.349999999998  23164
47.374999999998  23164
47.399999999998  23164
47.424999999998  23004
47.449999999998  22136
47.474999999998  20592
47.499999999998  19428
47.524999999998  17640
47.549999999998  22396
47.574999999998  22348
47.599999999998  22348
47.624999999998  21948
47.649999999998  18956
47.674999999998  22864
47.699999999998  22864
47.724999999998  22864
47.749999999998  22260
47.774999999998  20028
47.799999999998  17728
47.824999999998  22000
47.849999999998  22000
47.874999999998  22000
47.899999999998  21188
47.924999999998  19172
47.949999999998  24464
47.974999999998  24464
47.999999999998  24216
48.024999999998  21404
48.049999999998  18180
48.074999999998  22540
48.099999999998  22540
48.124999999998  22540
48.149999999998  22320
48.174999999998  21592
48.199999999998  20256
48.224999999998  18276
48.249999999998  18072
48.274999999998  18072
48.299999999998  17960
48.324999999998  18300
48.349999999998  18300
48.374999999998  18188
48.399999999998  17300
48.424999999998  22472
48.449999999998  22416
48.474999999998  22256
48.499999999998  21276
48.524999999998  19420
48.549999999998  17376
48.574999999998  22272
48.599999999998  22272
48.624999999998  22088
48.649999999998  19188
48.674999999998  17652
48.699999999998  17652
48.724999999998  17588
48.749999999998  17148
48.774999999998  17736
48.799999999998  17564
48.824999999998  16868
48.849999999998  20212
48.874999999998  20212
48.899999999998  19940
48.924999999998  17856
48.949999999998  21220
48.974999999998  21220
48.999999999998  21168
49.024999999998  17820
49.049999999998  17352
49.074999999998  17352
49.099999999998  17352
49.124999999998  16684
49.149999999998  21700
49.174999999998  21700
49.199999999998  21044
49.224999999998  17808
49.249999999998  21356
49.274999999998  21356
49.299999999998  21356
49.324999999998  20848
49.349999999998  19948
49.374999999998  18344
49.399999999998  16632
49.424999999998  16528
49.449999999998  16528
49.474999999998  16376
49.499999999998  22428
49.524999999998  22428
49.549999999998  22364
49.574999999998  22180
49.599999999998  20612
49.624999999998  18048
49.649999999998  16912
49.674999999998  16856
49.699999999998  16440
49.724999999998  15836
49.749999999998  17880
49.774999999998  17880
49.799999999998  17384
49.824999999998  20856
49.849999999998  20856
49.874999999998  20440
49.899999999998  17992
49.924999999998  23324
49.949999999998  23324
49.974999999998  23268
49.999999999998  20420
50.024999999998  18156
50.049999999998  16708
50.074999999998  21484
50.099999999998  21484
50.124999999998  21140
50.149999999998  18404
50.174999999998  20768
50.199999999998  20768
50.224999999998  20720
50.249999999998  20464
50.274999999998  19968
50.299999999998  18976
50.324999999998  17344
50.349999999998  18972
50.374999999998  18972
50.399999999998  18916
50.424999999998  17572
50.449999999998  20116
50.474999999998  20116
50.499999999998  20116
50.524999999998  18792
50.549999999998  17132
50.574999999998  17076
50.599999999998  16916
50.624999999998  17444
50.649999999998  17444
50.674999999998  17204
50.699999999998  22992
50.724999999998  22992
50.749999999998  22192
50.774999999998  18604
50.799999999998  21368
50.824999999998  21368
50.849999999998  21368
50.874999999998  20040
50.899999999998  19016
50.924999999998  17064
50.949999999998  19912
50.974999999998  19912
50.999999999998  19912
51.024999999998  19008
51.049999999998  21048
51.074999999998  21048
51.099999999998  20936
51.124999999998  18352
51.149999999998  21124
51.174999999998  21124
51.199999999998  21124
51.224999999998  20188
51.249999999998  18588
51.274999999998  18020
51.299999999998  18020
51.324999999998  17484
51.349999999998  17220
51.374999999998  17220
51.399999999998  16852
51.424999999998  18224
51.449999999998  18224
51.474999999998  18048
51.499999999998  17108
51.524999999998  19808
51.549999999998  19808
51.574999999998  19616
51.599999999998  17492
51.624999999998  19628
51.649999999998  19628
51.674999999998  18896
51.699999999998  21248
51.724999999998  21248
51.749999999998  21248
51.774999999998  20296
51.799999999998  18844
51.824999999998  17352
51.849999999998  19504
51.874999999998  19504
51.899999999998  19360
51.924999999998  21132
51.949999999998  21092
51.974999999998  21092
51.999999999998  20276
52.024999999998  18812
52.049999999998  17328
52.074999999998  19476
52.099999999998  19476
52.124999999998  19324
52.149999999998  17796
52.174999999998  19756
52.199999999998  19756
52.224999999998  19296
52.249999999998  20760
52.274999999998  20760
52.299999999998  20624
52.324999999998  19748
52.349999999998  18416
52.374999999998  18072
52.399999999998  18072
52.424999999998  17388
52.449999999998  20212
52.474999999998  20172
52.499999999998  20172
52.524999999998  19744
52.549999999998  18444
52.574999999998  17532
52.599999999998  17532
52.624999999998  17184
52.649999999998  18268
52.674999999998  18268
52.699999999998  17884
52.724999999998  19464
52.749999999998  19464
52.774999999998  19312
52.799999999998  17764
52.824999999998  19384
52.849999999998  19384
52.874999999998  18576
52.899999999998  20340
52.924999999998  20340
52.949999999998  20232
52.974999999998  18092
52.999999999998  19880
53.024999999998  19880
53.049999999998  19332
53.074999999998  20296
53.099999999998  20256
53.124999999998  20256
53.149999999998  18604
53.174999999998  20448
53.199999999998  20448
53.224999999998  20448
53.249999999998  19420
53.274999999998  17812
53.299999999998  20552
53.324999999998  20552
53.349999999998  20552
53.374999999998  20208
53.399999999998  18884
53.424999999998  17904
53.449999999998  23936
53.474999999998  23936
53.499999999998  23936
53.524999999998  21604
53.549999999998  19296
53.574999999998  17932
53.599999999998  20592
53.624999999998  20592
53.649999999998  20360
53.674999999998  21116
53.699999999998  21084
53.724999999998  20808
53.749999999998  17696
53.774999999998  17696
53.799999999998  17512
53.824999999998  17456
53.849999999998  17908
53.874999999998  17844
53.899999999998  17980
53.924999999998  17924
53.949999999998  21684
53.974999999998  21684
53.999999999998  21684
54.024999999998  19640
54.049999999998  17904
54.074999999998  21000
54.099999999998  21000
54.124999999998  19412
54.149999999998  20764
54.174999999998  20764
54.199999999998  20380
54.224999999998  18796
54.249999999998  22584
54.274999999998  22544
54.299999999998  22360
54.324999999998  19764
54.349999999998  17964
54.374999999998  20196
54.399999999998  20196
54.424999999998  19796
54.449999999998  17860
54.474999999998  17860
54.499999999998  18068
54.524999999998  18068
54.549999999998  17852
54.574999999998  17740
54.599999999998  23192
54.624999999998  23152
54.649999999998  23152
54.674999999998  21120
54.699999999998  19036
54.724999999998  25380
54.749999999998  25380
54.774999999998  25140
54.799999999998  23128
54.824999999998  19456
54.849999999998  20212
54.874999999998  20212
54.899999999998  20212
54.924999999998  19092
54.949999999998  17696
54.974999999998  21168
54.999999999998  21136
55.024999999998  19508
55.049999999998  23248
55.074999999998  23208
55.099999999998  22888
55.124999999998  19460
55.149999999998  18404
55.174999999998  18404
55.199999999998  19476
55.224999999998  19476
55.249999999998  18412
55.274999999998  19444
55.299999999998  19444
55.324999999998  19292
55.349999999998  23564
55.374999999998  23524
55.399999999998  23524
55.424999999998  20824
55.449999999998  18628
55.474999999998  24084
55.499999999998  24044
55.524999999998  20036
55.549999999998  21196
55.574999999998  21196
55.599999999998  20444
55.624999999998  21876
55.649999999998  21836
55.674999999998  19936
55.699999999998  22160
55.724999999998  22128
55.749999999998  22064
55.774999999998  20308
55.799999999998  18172
55.824999999998  21788
55.849999999998  21748
55.874999999998  20180
55.899999999998  20580
55.924999999998  20580
55.949999999998  19388
55.974999999998  20012
55.999999999998  20012
56.024999999998  19708
56.049999999998  18140
56.074999999998  23776
56.099999999998  23736
56.124999999998  22032
56.149999999998  18632
56.174999999998  22264
56.199999999998  22264
56.224999999998  22144
56.249999999998  19660
56.274999999998  18568
56.299999999998  18568
56.324999999998  18012
56.349999999998  18012
56.374999999998  22504
56.399999999998  22472
56.424999999998  19184
56.449999999998  19232
56.474999999998  19232
56.499999999998  19232
56.524999999998  18456
56.549999999998  18392
56.574999999998  18020
56.599999999998  24172
56.624999999998  24172
56.649999999998  21920
56.674999999998  21844
56.699999999998  21844
56.724999999998  21772
56.749999999998  19884
56.774999999998  18388
56.799999999998  23080
56.824999999998  23040
56.849999999998  22824
56.874999999998  20436
56.899999999998  18500
56.924999999998  23776
56.949999999998  23776
56.974999999998  23152
56.999999999998  18932
57.024999999998  25056
57.049999999998  25056
57.074999999998  24816
57.099999999998  22528
57.124999999998  18812
57.149999999998  19236
57.174999999998  19236
57.199999999998  18668
57.224999999998  21828
57.249999999998  21748
57.274999999998  21708
57.299999999998  25960
57.324999999998  25920
57.349999999998  25640
57.374999999998  22756
57.399999999998  18808
57.424999999998  18204
57.449999999998  18148
57.474999999998  23004
57.499999999998  23004
57.524999999998  20332
57.549999999998  24500
57.574999999998  24500
57.599999999998  24500
57.624999999998  23732
57.649999999998  20356
57.674999999998  18240
57.699999999998  21572
57.724999999998  21572
57.749999999998  20712
57.774999999998  22988
57.799999999998  22692
57.824999999998  19696
57.849999999998  22668
57.874999999998  22668
57.899999999998  22428
57.924999999998  19244
57.949999999998  18324
57.974999999998  18204
57.999999999998  18468
58.024999999998  18236
58.049999999998  22964
58.074999999998  22884
58.099999999998  22884
58.124999999998  20644
58.149999999998  18212
58.174999999998  22920
58.199999999998  22880
58.224999999998  21908
58.249999999998  18444
58.274999999998  23488
58.299999999998  23408
58.324999999998  23168
58.349999999998  20464
58.374999999998  26092
58.399999999998  26092
58.424999999998  25900
58.449999999998  23048
58.474999999998  18496
58.499999999998  22860
58.524999999998  22860
58.549999999998  19172
58.574999999998  21040
58.599999999998  21040
58.624999999998  18960
58.649999999998  18960
58.674999999998  24056
58.699999999998  23976
58.724999999998  22760
58.749999999998  18708
58.774999999998  23248
58.799999999998  23248
58.824999999998  22244
58.849999999998  21932
58.874999999998  21932
58.899999999998  21068
58.924999999998  18268
58.949999999998  20448
58.974999999998  20368
58.999999999998  19124
59.024999999998  21640
59.049999999998  21600
59.074999999998  19280
59.099999999998  21932
59.124999999998  21892
59.149999999998  20576
59.174999999998  22904
59.199999999998  22904
59.224999999998  19488
59.249999999998  21224
59.274999999998  21224
59.299999999998  19312
59.324999999998  21252
59.349999999998  21212
59.374999999998  20524
59.399999999998  23836
59.424999999998  23796
59.449999999998  20996
59.474999999998  21708
59.499999999998  21708
59.524999999998  21628
59.549999999998  18984
59.574999999998  26676
59.599999999998  26676
59.624999999998  26484
59.649999999998  23864
59.674999999998  19064
59.699999999998  21848
59.724999999998  21848
59.749999999998  20184
59.774999999998  22104
59.799999999998  22104
59.824999999998  20400
59.849999999998  20804
59.874999999998  20804
59.899999999998  18652
59.924999999998  19872
59.949999999998  19832
59.974999999998  19020
59.999999999998  33744
e
set terminal x11
