#set terminal postscript eps enhanced
set terminal postscript enhanced color 
set output 'step-vertical.eps'
set size 0.9, 0.9
set grid
set key outside
set size square
set xtics (-1, -0.5, 0, "0.5 x 10^{-2}" 0.5)
set xlabel 'vertical velocity u_y'
set ylabel 'y-coordinate'
plot [-1:0.5] '-' u (10*($1-6)):2 w l linetype 1 linecolor 1 linewidth 2 title 'Present study (x/h = 6)' ,  '-' u 2:1 w p pointtype 5 linecolor 1 pointsize 0.8 title 'Erturk (x/h = 6)', '-' u (100*($1-14)):2 w l linetype 1 linecolor 2 linewidth 2 title 'Present study (x/h = 14)' ,  '-' u 2:1 w p pointtype 5 linecolor 2 pointsize 0.8 title 'Erturk (x/h = 14)', '-' u (100*($1-30)):2 w l linetype 1 linecolor 3 linewidth 2 title 'Present study (x/h = 30)' ,  '-' u 2:1 w p pointtype 5 linecolor 3 pointsize 0.8 title 'Erturk (x/h = 30)'
6  0
6.0000445609269  0.02
6.0001458535517  0.04
6.0002972607093  0.06
6.0004922321398  0.08
6.0007242844889  0.1
6.0009870013071  0.12
6.0012740330507  0.14
6.001579097081  0.16
6.0018959776647  0.18
6.0022185259737  0.2
6.0025406600852  0.22
6.0028563649819  0.24
6.0031596925516  0.26
6.0034447615873  0.28
6.0037057577876  0.3
6.0039369337561  0.32
6.0041326090018  0.34
6.0042871699391  0.36
6.0043950698876  0.38
6.0044508290721  0.4
6.0044490346228  0.42
6.0043843405752  0.44
6.0042514678701  0.46
6.0040452043536  0.48
6.0037604047769  0.5
6.0034019344863  0.52
6.0029938785861  0.54
6.002519736942  0.56
6.0019672595448  0.58
6.0013284465113  0.6
6.0005995480838  0.62
5.9997810646303  0.64
5.9988777466441  0.66
5.9978985947446  0.68
5.9968568596764  0.7
5.9957700423101  0.72
5.9946598936417  0.74
5.9934895762599  0.76
5.9921774429638  0.78
5.9907696826837  0.8
5.9892847062669  0.82
5.9877409245607  0.84
5.9861567484124  0.86
5.9845505886694  0.88
5.9829408561789  0.9
5.9813459617883  0.92
5.9797843163449  0.94
5.9782743306961  0.96
5.9768344156891  0.98
5.9754829821713  1
5.9737161981681  1.02
5.9720595632393  1.04
5.9705158670971  1.06
5.9690876147585  1.08
5.9677770265445  1.1
5.9665860380808  1.12
5.9655163002972  1.14
5.9645691794281  1.16
5.9637457570122  1.18
5.9630468298927  1.2
5.962472910217  1.22
5.962024225437  1.24
5.9617007183091  1.26
5.9615020468939  1.28
5.9614275845564  1.3
5.9614764199662  1.32
5.961647357097  1.34
5.9619389152271  1.36
5.9623493289392  1.38
5.9628765481202  1.4
5.9635182379615  1.42
5.964271778959  1.44
5.9651342669128  1.46
5.9661025129275  1.48
5.9671730434121  1.5
5.968562853607  1.52
5.9699487592682  1.54
5.9713531973761  1.56
5.9727924251233  1.58
5.9742770059361  1.6
5.9758122954955  1.62
5.9773989277595  1.64
5.9790333009839  1.66
5.9807080637446  1.68
5.9824126009585  1.7
5.9841335199055  1.72
5.9858551362497  1.74
5.9875599600614  1.76
5.9892291818381  1.78
5.9908431585263  1.8
5.9923818995435  1.82
5.9938255527987  1.84
5.9951548907151  1.86
5.9963517962509  1.88
5.997399748921  1.9
5.9982843108188  1.92
5.9989936126373  1.94
5.9995188396912  1.96
5.9998547179381  1.98
6  2
e
2.0000	0.0000	
1.9000	-0.0263	
1.8000	-0.0909	
1.7000	-0.1737	
1.6000	-0.2565	
1.5000	-0.3245	
1.4000	-0.3684	
1.3000	-0.3827	
1.2000	-0.3651	
1.1000	-0.3167	
1.0000	-0.2455	
0.9000	-0.1654	
0.8000	-0.0902	
0.7000	-0.0287	
0.6000	0.0151	
0.5000	0.0399	
0.4000	0.0468	
0.3000	0.0391	
0.2000	0.0231	
0.1000	0.0071	
0.0000	0.0000
e
14  0
14.000163661611  0.02
14.000241048825  0.04
14.000240530344  0.06
14.000170206897  0.08
14.000037911246  0.1
13.999851208176  0.12
13.999617394507  0.14
13.999343499083  0.16
13.99903628278  0.18
13.998702238502  0.2
13.99834759118  0.22
13.997978297777  0.24
13.997600047283  0.26
13.997218260717  0.28
13.996838091127  0.3
13.996464423591  0.32
13.996101875215  0.34
13.995754795132  0.36
13.995427264508  0.38
13.995123096534  0.4
13.994845836432  0.42
13.994598761453  0.44
13.994384880875  0.46
13.994206936008  0.48
13.994067400187  0.5
13.994047448647  0.52
13.994049981401  0.54
13.994077340638  0.56
13.994131410396  0.58
13.994213616565  0.6
13.994324926882  0.62
13.994465850938  0.64
13.99463644017  0.66
13.994836287867  0.68
13.995064529167  0.7
13.995319841059  0.72
13.99560044238  0.74
13.995904093818  0.76
13.996228097912  0.78
13.996569299049  0.8
13.996924083466  0.82
13.997288379252  0.84
13.997657656343  0.86
13.998026926528  0.88
13.998390743442  0.9
13.998743202574  0.92
13.99907794126  0.94
13.999388138687  0.96
13.999666515892  0.98
13.999905335762  1
14.000256186161  1.02
14.000561306025  1.04
14.000822389832  1.06
14.001041186648  1.08
14.001219500129  1.1
14.001359188521  1.12
14.001462164657  1.14
14.001530395962  1.16
14.001565904448  1.18
14.001570766717  1.2
14.00154711396  1.22
14.001497131956  1.24
14.001423061076  1.26
14.001327196278  1.28
14.001211887109  1.3
14.001079537706  1.32
14.000932606795  1.34
14.000773607692  1.36
14.0006051083  1.38
14.000429731113  1.4
14.000250153213  1.42
14.000069106273  1.44
13.999889376553  1.46
13.999713804904  1.48
13.999545286764  1.5
13.999385856384  1.52
13.999254324984  1.54
13.999148984208  1.56
13.999068125697  1.58
13.999010041095  1.6
13.998973022045  1.62
13.99895536019  1.64
13.998955347173  1.66
13.998971274636  1.68
13.999001434222  1.7
13.999044117575  1.72
13.999097616337  1.74
13.999160222151  1.76
13.99923022666  1.78
13.999305921507  1.8
13.999385598335  1.82
13.999467548787  1.84
13.999550064505  1.86
13.999631437132  1.88
13.999709958312  1.9
13.999783919688  1.92
13.999851612901  1.94
13.999911329596  1.96
13.999961361414  1.98
14  2
e
2	0.0000	
1.9	-0.0257	
1.8	-0.0753	
1.7	-0.1114	
1.6	-0.1090	
1.5	-0.0621	
1.4	0.0126	
1.3	0.0794	
1.2	0.0970	
1.1	0.0377	
1	-0.0973	
0.9	-0.2795	
0.8	-0.4663	
0.7	-0.6159	
0.6	-0.6954	
0.5	-0.6852	
0.4	-0.5784	
0.3	-0.3806	
0.2	-0.1429	
0.1	-0.0029	
0	0.0000
e
30  0
29.999985723581  0.02
29.9999569398  0.04
29.999915069668  0.06
29.999861525869  0.08
29.999797709775  0.1
29.999725008458  0.12
29.999644791703  0.14
29.999558409025  0.16
29.999467186675  0.18
29.999372424662  0.2
29.99927539376  0.22
29.999177332524  0.24
29.999079444304  0.26
29.998982894254  0.28
29.998888806353  0.3
29.99879826041  0.32
29.998712289084  0.34
29.998631874893  0.36
29.99855794723  0.38
29.998491379375  0.4
29.998432985508  0.42
29.998383517724  0.44
29.998343663044  0.46
29.998314040432  0.48
29.998295197803  0.5
29.998287609043  0.52
29.998291671015  0.54
29.99830770058  0.56
29.998335931602  0.58
29.998376511969  0.6
29.998429500602  0.62
29.998494864471  0.64
29.998572475604  0.66
29.998662108105  0.68
29.998763435166  0.7
29.998876026079  0.72
29.998999343249  0.74
29.999132739212  0.76
29.99927545364  0.78
29.999426610365  0.8
29.999585214382  0.82
29.999750148868  0.84
29.999920172196  0.86
30.000093914946  0.88
30.000269876917  0.9
30.000446424145  0.92
30.000621785912  0.94
30.000794051762  0.96
30.000961168512  0.98
30.001120937268  1
30.001307420414  1.02
30.001485210316  1.04
30.001654079864  1.06
30.001813801944  1.08
30.001964149445  1.1
30.002104895252  1.12
30.002235812255  1.14
30.00235667334  1.16
30.002467251394  1.18
30.002567319306  1.2
30.002656649963  1.22
30.002735016252  1.24
30.00280219106  1.26
30.002857947276  1.28
30.002902057786  1.3
30.002934295478  1.32
30.002954433239  1.34
30.002962243958  1.36
30.00295750052  1.38
30.002939975815  1.4
30.002909442729  1.42
30.00286567415  1.44
30.002808442964  1.46
30.002737522061  1.48
30.002652684326  1.5
30.002565253469  1.52
30.002467095869  1.54
30.00235940766  1.56
30.002243384978  1.58
30.002120223958  1.6
30.001991120733  1.62
30.00185727144  1.64
30.001719872212  1.66
30.001580119185  1.68
30.001439208493  1.7
30.001298336271  1.72
30.001158698654  1.74
30.001021491777  1.76
30.000887911774  1.78
30.00075915478  1.8
30.00063641693  1.82
30.000520894359  1.84
30.000413783202  1.86
30.000316279592  1.88
30.000229579666  1.9
30.000154879558  1.92
30.000093375403  1.94
30.000046263335  1.96
30.000014739489  1.98
30  2
e
2	0.0000	
1.9	0.0202	
1.8	0.0710	
1.7	0.1374	
1.6	0.2042	
1.5	0.2574	
1.4	0.2858	
1.3	0.2827	
1.2	0.2473	
1.1	0.1842	
1	0.1022	
0.9	0.0134	
0.8	-0.0696	
0.7	-0.1348	
0.6	-0.1731	
0.5	-0.1800	
0.4	-0.1574	
0.3	-0.1134	
0.2	-0.0615	
0.1	-0.0181	
0	0.0000
e
set terminal x11
